1:ItNr	2:Metric	3a:Time	3b:StepSize	4:||Gradient||	Time[ms]
0	-0.200606	0.000000	5.949236	0.015641	904.8
1	-0.251975	0.000000	5.949236	0.017485	4.2
2	-0.226086	0.929538	5.697063	0.021561	6.3
3	-0.240700	0.028641	5.941133	0.027217	5.7
4	-0.207700	0.000000	5.949236	0.017575	3.0
5	-0.208587	0.000000	5.949236	0.033425	2.0
6	-0.255640	1.000000	5.678816	0.028998	2.4
7	-0.227355	2.000000	5.431911	0.026038	4.8
8	-0.180519	1.099039	5.653366	0.017611	4.1
9	-0.248553	0.287148	5.868985	0.020596	2.1
10	-0.246493	1.247825	5.615558	0.021432	4.4
11	-0.201923	2.247819	5.374007	0.021378	3.4
12	-0.232137	1.458264	5.562939	0.035729	5.1
13	-0.199223	2.458133	5.325827	0.017315	2.4
14	-0.242949	1.557172	5.538547	0.013847	2.3
15	-0.223724	2.049027	5.420357	0.015577	5.7
16	-0.190783	1.405973	5.575922	0.019416	2.8
17	-0.191657	0.505614	5.809364	0.038308	3.4
18	-0.209770	1.505614	5.551235	0.044860	3.1
19	-0.199367	2.505614	5.315069	0.017142	5.3
20	-0.217397	1.604739	5.526892	0.012360	2.2
21	-0.215195	2.587659	5.296581	0.020762	3.7
22	-0.243854	2.999367	5.205719	0.025744	4.0
23	-0.215826	3.999366	4.997485	0.016668	2.3
24	-0.247008	4.999286	4.805284	0.041518	2.8
25	-0.230199	5.998263	4.627481	0.031683	6.0
26	-0.218314	6.998263	4.462204	0.038582	5.8
27	-0.248446	6.097302	4.610568	0.018402	3.0
28	-0.198610	5.198473	4.768749	0.022622	4.9
29	-0.244833	6.198445	4.593423	0.018565	4.2
30	-0.222657	7.183033	4.432949	0.035427	4.0
31	-0.250257	6.282072	4.579342	0.011725	3.5
32	-0.193727	7.281110	4.417576	0.020499	3.7
33	-0.273966	8.255024	4.270513	0.013937	7.1
34	-0.234721	9.211356	4.135331	0.010798	2.7
35	-0.195901	8.382223	4.252025	0.017907	4.5
36	-0.219908	8.806485	4.191502	0.027222	4.6
37	-0.243874	7.939251	4.317111	0.024918	4.4
38	-0.214889	7.038317	4.455829	0.017466	2.5
39	-0.238484	6.209072	4.591629	0.025488	5.3
40	-0.267570	5.308111	4.748876	0.013874	6.1
41	-0.253607	6.308097	4.574978	0.029760	3.3
42	-0.209021	5.407136	4.731068	0.018651	3.8
43	-0.247559	4.506175	4.898185	0.018001	2.3
44	-0.253118	3.609451	5.076665	0.026911	7.0
45	-0.206178	4.354846	4.927419	0.022419	3.0
46	-0.219077	5.354552	4.740507	0.015526	4.7
47	-0.221362	6.347650	4.568362	0.015629	7.0
48	-0.239918	7.346600	4.407370	0.023667	3.9
49	-0.248352	6.445641	4.552051	0.022150	4.1
50	-0.213981	5.544680	4.706553	0.015972	2.8
51	-0.197530	6.544463	4.535719	0.010453	6.5
52	-0.242688	7.365325	4.404460	0.020474	2.9
53	-0.213749	6.470243	4.547974	0.019687	7.3
54	-0.229987	5.571913	4.701730	0.026577	6.2
55	-0.209888	6.571913	4.531204	0.013604	4.6
56	-0.236700	5.770036	4.666932	0.019115	14.2
57	-0.226483	6.768627	4.499104	0.015655	8.7
58	-0.221012	7.765550	4.343180	0.016975	4.1
59	-0.226421	6.900043	4.477913	0.019635	8.1
60	-0.212106	6.000692	4.627065	0.019875	4.6
61	-0.221066	6.936761	4.472027	0.019207	2.5
62	-0.245530	6.035801	4.621056	0.019526	5.6
63	-0.205413	7.033903	4.456531	0.028878	5.6
64	-0.234334	8.033903	4.303037	0.026670	4.3
65	-0.216492	7.132942	4.440842	0.015717	3.1
66	-0.235826	8.132750	4.288437	0.026736	4.3
67	-0.215654	9.132750	4.146118	0.006818	5.0
68	-0.195221	9.005441	4.163710	0.009205	6.3
69	-0.239156	8.250370	4.271192	0.014994	5.0
70	-0.195565	8.480806	4.237807	0.018687	4.9
71	-0.236266	9.471663	4.100004	0.017811	2.4
72	-0.249110	10.471019	3.969809	0.018078	3.7
73	-0.225920	9.850812	4.049616	0.014569	5.2
74	-0.225691	9.004609	4.163825	0.026685	2.4
75	-0.219341	8.120740	4.290205	0.023609	3.2
76	-0.228679	9.120739	4.147772	0.014903	4.5
77	-0.224479	10.070278	4.021012	0.034717	3.6
78	-0.233461	11.070278	3.895630	0.018064	5.0
79	-0.211454	10.169317	4.008235	0.014942	5.3
80	-0.221772	11.168529	3.883732	0.021586	6.7
81	-0.199584	11.855739	3.802500	0.021127	4.4
82	-0.257028	12.855737	3.690186	0.016572	2.9
83	-0.244226	13.850665	3.584837	0.022533	3.6
84	-0.218476	14.747602	3.494890	0.025838	2.9
85	-0.216387	15.747602	3.399785	0.033935	5.1
86	-0.229577	14.846641	3.485234	0.016757	2.5
87	-0.216461	15.846340	3.390675	0.032246	3.3
88	-0.232813	14.945379	3.475661	0.021940	4.6
89	-0.224249	14.044418	3.565017	0.022942	4.4
90	-0.183917	13.143889	3.659043	0.012205	4.7
91	-0.229670	12.245399	3.757932	0.018293	8.9
92	-0.274550	13.172864	3.655940	0.022075	3.2
93	-0.205265	12.271904	3.754938	0.014104	4.3
94	-0.199784	13.186304	3.654503	0.018903	2.7
95	-0.225877	12.317683	3.749779	0.011514	2.3
96	-0.231934	13.312235	3.641090	0.024361	2.4
97	-0.275333	12.437292	3.736366	0.021894	2.6
98	-0.242455	11.536332	3.839829	0.031137	2.5
99	-0.218916	10.635371	3.949186	0.015503	2.4
100	-0.257428	9.734411	4.064954	0.022103	2.4
101	-0.251541	8.833451	4.187714	0.015094	2.4
102	-0.223057	9.804627	4.055688	0.017222	2.4
103	-0.228718	9.380391	4.112322	0.011492	3.3
104	-0.240811	9.595576	4.083399	0.021281	3.2
105	-0.190927	10.005921	4.029358	0.015351	3.2
106	-0.224930	10.974141	3.907343	0.021511	3.1
107	-0.241521	10.073224	4.020630	0.009345	4.3
108	-0.189812	10.849207	3.922671	0.014281	12.0
109	-0.208729	11.807447	3.808097	0.015376	3.2
110	-0.253021	10.913537	3.914763	0.017717	5.5
111	-0.188316	11.913278	3.795853	0.026921	5.2
112	-0.204961	11.012317	3.902684	0.027661	4.4
113	-0.206952	10.111360	4.015702	0.020564	4.6
114	-0.238878	11.111358	3.890647	0.032947	9.0
115	-0.205944	12.111358	3.773145	0.024335	5.4
116	-0.231951	13.111358	3.662532	0.014896	2.3
117	-0.214466	12.210397	3.761893	0.014630	3.3
118	-0.225319	11.309715	3.866761	0.021571	5.7
119	-0.195950	12.156754	3.767979	0.019874	3.6
120	-0.216937	11.650892	3.826356	0.016184	2.0
121	-0.264078	10.749939	3.934935	0.028072	3.8
122	-0.202892	11.749935	3.814785	0.018592	3.6
123	-0.219192	12.727435	3.704223	0.011812	5.8
124	-0.180081	11.873506	3.800445	0.017489	5.0
125	-0.235956	10.991416	3.905234	0.027639	6.3
126	-0.247365	11.991411	3.786863	0.023355	4.5
127	-0.197442	12.991411	3.675456	0.020136	2.4
128	-0.218461	12.090455	3.775528	0.016634	2.1
129	-0.241596	13.080881	3.665808	0.013636	6.1
130	-0.207606	14.078717	3.561531	0.019713	4.2
131	-0.252540	15.078328	3.462853	0.019407	3.9
132	-0.233912	14.177369	3.551543	0.029137	3.2
133	-0.209437	15.177369	3.453373	0.010986	6.0
134	-0.213193	14.276655	3.541547	0.016142	5.9
135	-0.247128	14.287625	3.540447	0.028079	3.9
136	-0.217894	15.250999	3.446359	0.020953	7.6
137	-0.237532	14.350190	3.534180	0.016968	2.1
138	-0.240185	15.090972	3.461640	0.020713	3.5
139	-0.198315	14.190303	3.550238	0.020797	2.5
140	-0.212012	15.190287	3.452140	0.019644	6.6
141	-0.210148	16.190255	3.359320	0.018927	3.6
142	-0.244043	16.018877	3.374871	0.012186	3.7
143	-0.195773	15.118137	3.459036	0.026356	2.4
144	-0.188126	15.619495	3.411679	0.022256	7.2
145	-0.181541	16.609154	3.321903	0.015458	3.5
146	-0.224234	17.609113	3.235867	0.013270	4.9
147	-0.219638	16.799596	3.305166	0.012853	5.8
148	-0.256439	17.789594	3.220811	0.033906	3.9
149	-0.256896	17.287887	3.263015	0.015278	4.9
150	-0.214570	16.407113	3.339845	0.017060	5.5
151	-0.192514	15.508611	3.422041	0.015645	5.2
152	-0.207330	14.626550	3.506765	0.018633	4.2
153	-0.226013	14.274192	3.541795	0.016862	5.3
154	-0.246239	15.273823	3.444190	0.022503	5.1
155	-0.177457	14.374785	3.531723	0.018349	3.8
156	-0.246573	13.475114	3.623888	0.012360	4.5
157	-0.199768	13.595813	3.611245	0.015132	4.0
158	-0.223676	12.891802	3.686259	0.026647	3.7
159	-0.213620	13.852106	3.584689	0.016796	3.4
160	-0.235637	14.613764	3.508024	0.025003	2.2
161	-0.239284	13.712828	3.599072	0.012851	5.3
162	-0.214319	14.709575	3.498612	0.036365	3.8
163	-0.236949	14.216639	3.547583	0.019698	5.0
164	-0.226828	13.315678	3.640725	0.013029	4.2
165	-0.255139	14.176537	3.551627	0.022089	5.3
166	-0.227717	13.790616	3.591024	0.023805	2.9
167	-0.239483	14.790611	3.490691	0.017009	3.4
168	-0.236287	13.889927	3.580803	0.018890	4.3
169	-0.242022	13.027720	3.671535	0.023696	4.7
170	-0.245066	13.630430	3.607635	0.025431	2.3
171	-0.206632	12.729469	3.704000	0.024381	3.8
172	-0.234541	11.828508	3.805654	0.017641	2.2
173	-0.244263	12.824813	3.693559	0.013825	5.7
174	-0.229334	13.733997	3.596878	0.014067	2.4
175	-0.260136	13.670355	3.603481	0.023648	2.9
176	-0.206984	12.770830	3.699463	0.027015	2.9
177	-0.268428	13.770830	3.593068	0.026042	4.7
178	-0.204938	12.869869	3.688646	0.026837	3.9
179	-0.239973	13.869869	3.582863	0.022332	3.4
180	-0.259511	12.968908	3.677891	0.019991	3.6
181	-0.201699	12.067949	3.778098	0.010621	5.2
182	-0.230695	13.012953	3.673129	0.021718	3.8
183	-0.227332	14.010362	3.568485	0.025309	2.6
184	-0.225184	15.010161	3.469408	0.023202	7.3
185	-0.240312	14.109200	3.558439	0.033096	4.4
186	-0.244282	13.208239	3.652160	0.013223	2.8
187	-0.227949	14.172537	3.552031	0.020740	2.4
188	-0.214828	13.271852	3.645381	0.021751	6.4
189	-0.229017	12.485408	3.730997	0.046853	5.1
190	-0.229788	13.485408	3.622806	0.022502	3.4
191	-0.222021	12.584448	3.719994	0.023520	5.7
192	-0.269859	13.577646	3.613142	0.023054	4.4
193	-0.229972	14.577646	3.511586	0.025003	3.2
194	-0.205140	13.676685	3.602823	0.020167	2.8
195	-0.218899	12.775726	3.698927	0.015491	4.4
196	-0.236960	13.775701	3.592565	0.014303	4.7
197	-0.253024	14.723182	3.497279	0.017603	2.2
198	-0.226200	15.718134	3.402514	0.011202	3.9
199	-0.212500	14.875941	3.482388	0.018860	3.2
200	-0.245745	15.144941	3.456471	0.011403	6.1
201	-0.211120	15.797082	3.395214	0.024763	3.8
202	-0.267401	15.001319	3.470260	0.025794	5.6
203	-0.212746	14.194633	3.549801	0.019796	6.3
204	-0.238787	13.308785	3.641457	0.044245	2.3
205	-0.239878	14.308785	3.538325	0.014487	3.1
206	-0.247015	13.408552	3.630898	0.021876	6.1
207	-0.236318	14.403991	3.528810	0.032633	3.9
208	-0.234067	13.503030	3.620956	0.026737	2.3
209	-0.246354	12.722871	3.704725	0.030074	5.3
210	-0.281626	13.722851	3.598033	0.035547	5.7
211	-0.181807	14.722851	3.497312	0.036491	3.4
212	-0.259863	15.722851	3.402077	0.021279	4.2
213	-0.237591	16.722851	3.311890	0.017336	7.1
214	-0.219305	15.824777	3.392660	0.018328	3.2
215	-0.244377	14.923817	3.477747	0.026487	3.7
216	-0.172975	14.022874	3.567210	0.024459	3.9
217	-0.202718	14.999266	3.470458	0.017554	3.7
218	-0.225598	14.098308	3.559543	0.018265	4.3
219	-0.255219	13.203871	3.652626	0.014380	3.3
220	-0.231200	12.304792	3.751230	0.013971	4.0
221	-0.197884	12.935483	3.681514	0.018692	4.3
222	-0.252625	13.858899	3.583990	0.012694	4.3
223	-0.176481	14.858121	3.484119	0.014915	3.5
224	-0.217345	15.096014	3.461156	0.023072	3.9
225	-0.241782	16.095279	3.367921	0.009383	3.3
226	-0.242676	17.086873	3.280236	0.024146	4.7
227	-0.216069	18.081477	3.196756	0.020062	2.5
228	-0.221506	17.180563	3.272187	0.018387	3.5
229	-0.199370	16.634777	3.319641	0.021376	3.4
230	-0.252113	17.634754	3.233719	0.012830	5.2
231	-0.216725	17.743383	3.224653	0.008224	3.9
232	-0.189486	18.605219	3.154482	0.019829	4.1
233	-0.191957	17.718976	3.226685	0.018606	3.0
234	-0.203710	16.882991	3.297890	0.014546	4.3
235	-0.214668	17.882973	3.213076	0.014597	3.5
236	-0.210352	18.865480	3.133888	0.013848	3.8
237	-0.218050	18.096363	3.195539	0.017131	3.7
238	-0.229409	19.075191	3.117489	0.018269	3.7
239	-0.215647	18.174571	3.189159	0.012902	2.8
240	-0.248588	17.857927	3.215147	0.022032	4.4
241	-0.199418	18.853180	3.134855	0.019044	4.2
242	-0.210866	17.952219	3.207364	0.018689	2.8
243	-0.245344	17.051259	3.283307	0.015966	2.1
244	-0.218335	17.700235	3.228248	0.014476	4.4
245	-0.236438	18.682804	3.148315	0.016296	6.6
246	-0.240350	17.784082	3.221269	0.017069	3.5
247	-0.205322	18.276389	3.180892	0.020683	3.3
248	-0.261428	17.424441	3.251419	0.031595	6.0
249	-0.241884	18.424441	3.168947	0.007445	4.6
250	-0.196199	19.391358	3.093086	0.019370	3.2
251	-0.244765	18.716674	3.145630	0.022969	2.5
252	-0.232841	17.816948	3.218541	0.030494	5.2
253	-0.222042	18.816948	3.137708	0.023659	4.1
254	-0.191835	17.915987	3.210350	0.024398	2.2
255	-0.254762	18.915983	3.129923	0.023775	4.4
256	-0.220061	19.913727	3.053595	0.024902	5.2
257	-0.251151	19.030174	3.120994	0.021128	3.8
258	-0.205839	18.213382	3.186003	0.026044	2.5
259	-0.238272	17.312796	3.260894	0.011894	3.9
260	-0.278502	18.256691	3.182488	0.022338	4.5
261	-0.200471	18.643567	3.151431	0.018864	3.0
262	-0.239843	19.643443	3.073902	0.012125	3.2
263	-0.234961	20.112801	3.038809	0.008701	3.7
264	-0.239803	19.245152	3.104323	0.012595	4.7
265	-0.238087	20.210664	3.031593	0.017079	3.9
266	-0.240448	19.984209	3.048344	0.022820	2.9
267	-0.202805	19.083248	3.116862	0.013661	2.4
268	-0.245977	19.075689	3.117450	0.014029	4.6
269	-0.213725	20.056350	3.042987	0.012853	3.3
270	-0.221915	21.027700	2.972657	0.013280	3.8
271	-0.231919	20.147102	3.036276	0.013652	2.4
272	-0.190758	19.454561	3.088254	0.021451	4.5
273	-0.249975	20.454470	3.013763	0.009065	7.8
274	-0.227854	20.858087	2.984703	0.012009	5.2
275	-0.232562	20.685466	2.997063	0.020169	5.9
276	-0.240350	20.855322	2.984900	0.013297	3.3
277	-0.228882	20.019373	3.045730	0.021856	4.5
278	-0.210406	19.127640	3.113414	0.013100	2.4
279	-0.208909	18.240309	3.183817	0.020706	5.8
280	-0.227172	18.846497	3.135381	0.018321	3.7
281	-0.239819	17.945536	3.207915	0.017831	2.7
282	-0.204027	18.870190	3.133518	0.023138	2.9
283	-0.214186	19.870185	3.056848	0.020116	5.2
284	-0.225436	18.969224	3.125754	0.029131	4.5
285	-0.236054	19.969057	3.049471	0.015145	2.3
286	-0.267946	20.960653	2.977407	0.009650	4.2
287	-0.221240	21.626004	2.930933	0.022501	4.4
288	-0.223066	20.763413	2.991469	0.017001	3.5
289	-0.225517	19.864352	3.057285	0.016003	3.3
290	-0.190910	20.755394	2.992043	0.016050	4.3
291	-0.257545	21.754782	2.922105	0.021180	4.6
292	-0.243506	22.754780	2.855321	0.016358	5.0
293	-0.233889	21.860087	2.914925	0.027566	4.1
294	-0.212487	22.859911	2.848477	0.011714	6.3
295	-0.228152	22.288628	2.886069	0.025085	3.6
296	-0.259813	23.276034	2.821706	0.015490	5.9
297	-0.254215	22.375323	2.880300	0.021294	3.3
298	-0.199454	22.498340	2.872154	0.013203	5.2
299	-0.231626	21.645684	2.929580	0.013338	5.0
300	-0.231803	22.343543	2.882412	0.020122	5.7
301	-0.233721	22.966886	2.841547	0.012575	4.7
302	-0.208693	23.834756	2.786542	0.026418	3.5
303	-0.242344	22.933829	2.843685	0.020124	5.9
304	-0.230874	23.933265	2.780433	0.022603	3.2
305	-0.234341	24.933264	2.719901	0.015488	3.2
306	-0.201325	25.916956	2.662874	0.011965	4.1
307	-0.212444	25.044486	2.713331	0.009944	4.1
308	-0.234686	25.981308	2.659227	0.017365	2.5
309	-0.226213	26.815736	2.612821	0.013111	4.4
310	-0.252113	27.688927	2.565962	0.023717	2.6
311	-0.243878	28.688911	2.514323	0.026712	4.1
312	-0.202373	27.787950	2.560754	0.028002	4.1
313	-0.236313	28.787950	2.509321	0.031201	2.4
314	-0.224297	27.886989	2.555566	0.024447	2.3
315	-0.253672	28.885480	2.504415	0.032037	5.4
316	-0.230444	29.885480	2.455198	0.011867	4.7
317	-0.224138	30.874916	2.408369	0.006650	2.8
318	-0.232559	30.022096	2.448624	0.016291	2.1
319	-0.233718	29.142401	2.491583	0.009441	4.5
320	-0.221816	28.259220	2.536255	0.016158	5.6
321	-0.254713	28.536128	2.522077	0.011631	2.5
322	-0.206980	28.693217	2.514105	0.022306	2.0
323	-0.272576	27.801442	2.560046	0.020625	6.9
324	-0.248926	26.900481	2.608198	0.019599	4.2
325	-0.252487	27.898014	2.554990	0.032003	2.2
326	-0.244601	26.997053	2.602950	0.015029	4.6
327	-0.241252	27.996766	2.549841	0.024974	3.8
328	-0.209480	27.095809	2.597606	0.014600	2.9
329	-0.224496	28.095804	2.544697	0.019122	5.2
330	-0.223656	27.238511	2.589921	0.016489	3.1
331	-0.225281	26.560074	2.626866	0.019676	3.2
332	-0.243445	25.674994	2.676678	0.025294	3.4
333	-0.215948	24.774047	2.729362	0.019068	5.5
334	-0.241203	23.935618	2.780288	0.011708	3.1
335	-0.228583	23.041975	2.836702	0.020931	3.3
336	-0.214319	24.040238	2.773830	0.017858	4.1
337	-0.204890	25.040237	2.713582	0.015936	4.4
338	-0.218105	26.040173	2.655899	0.016245	2.5
339	-0.232943	25.140291	2.707698	0.013942	4.0
340	-0.240331	24.239820	2.761593	0.024144	5.0
341	-0.238667	23.338963	2.817701	0.009840	2.8
342	-0.216488	23.754322	2.791551	0.020441	3.2
343	-0.208677	24.752924	2.730622	0.019100	4.1
344	-0.213730	25.024943	2.714484	0.017891	3.9
345	-0.244773	25.995701	2.658412	0.026689	3.7
346	-0.244409	25.094755	2.710372	0.015253	3.4
347	-0.207239	26.094755	2.652821	0.028526	2.6
348	-0.253565	25.193864	2.704557	0.028386	6.9
349	-0.239562	26.193846	2.647251	0.015478	2.6
350	-0.247414	27.177538	2.593199	0.012874	3.6
351	-0.239882	27.180208	2.593055	0.017987	2.4
352	-0.219680	28.165705	2.541079	0.018783	6.5
353	-0.252823	27.265277	2.588485	0.017630	2.8
354	-0.225677	26.559359	2.626906	0.015560	3.2
355	-0.205586	27.559276	2.572813	0.029478	2.8
356	-0.272122	26.658316	2.621451	0.015971	8.6
357	-0.234460	27.533531	2.574178	0.016435	2.6
358	-0.244366	28.250068	2.536726	0.024786	4.0
359	-0.221710	27.578655	2.571787	0.031393	3.5
360	-0.247138	26.677694	2.620386	0.006377	5.9
361	-0.187622	25.778946	2.670730	0.016061	2.6
362	-0.215061	25.300694	2.698317	0.013457	3.6
363	-0.252753	24.403118	2.751660	0.014752	3.9
364	-0.251758	23.515190	2.806546	0.008559	5.4
365	-0.226569	24.334290	2.755838	0.031533	3.1
366	-0.225671	25.129134	2.708352	0.022273	4.0
367	-0.224882	26.129134	2.650886	0.019286	3.8
368	-0.226182	25.228185	2.702549	0.025418	4.5
369	-0.218729	26.211522	2.646260	0.015168	3.4
370	-0.201635	27.210319	2.591436	0.013205	3.5
371	-0.208154	28.174740	2.540612	0.018138	8.5
372	-0.248174	29.174690	2.489980	0.012789	2.7
373	-0.253608	29.869503	2.455970	0.024156	4.0
374	-0.215103	28.969928	2.500183	0.011823	3.5
375	-0.197688	28.071045	2.545981	0.013114	5.6
376	-0.206422	27.174101	2.593384	0.020646	2.8
377	-0.202039	26.273563	2.642787	0.014805	3.7
378	-0.205964	25.572570	2.682565	0.018126	3.6
379	-0.220663	26.572497	2.626180	0.017772	5.7
380	-0.238311	27.562810	2.572626	0.021676	2.7
381	-0.205456	26.661850	2.621257	0.020032	3.4
382	-0.223300	27.645468	2.568255	0.018594	5.2
383	-0.265152	26.750622	2.616384	0.032628	4.0
384	-0.284527	27.750622	2.562715	0.033046	2.1
385	-0.231284	28.750622	2.511204	0.014251	4.6
386	-0.221280	27.871647	2.556369	0.019901	3.9
387	-0.232315	26.970702	2.604380	0.022819	5.3
388	-0.213947	27.970685	2.551199	0.012819	3.1
389	-0.213272	27.075363	2.598711	0.010984	3.0
390	-0.224489	27.969675	2.551251	0.023650	5.5
391	-0.254072	27.146764	2.594857	0.022062	3.9
392	-0.210244	26.245868	2.644336	0.023815	3.6
393	-0.193696	27.186838	2.592699	0.015298	2.4
394	-0.221971	27.514534	2.575186	0.024064	7.0
395	-0.210762	26.682034	2.620147	0.023391	2.6
396	-0.199749	25.781789	2.670568	0.012649	2.1
397	-0.260746	25.383272	2.693513	0.022211	4.3
398	-0.282601	26.382987	2.636684	0.013806	7.8
399	-0.230568	27.009667	2.602267	0.026163	2.2
400	-0.204614	27.910159	2.554356	0.011665	2.4
401	-0.212223	27.019985	2.601707	0.022982	5.1
402	-0.231238	27.687362	2.566045	0.018532	3.5
403	-0.223189	28.687362	2.514401	0.018484	3.0
404	-0.193230	29.326632	2.482462	0.009135	4.2
405	-0.230750	28.585662	2.519558	0.009330	3.3
406	-0.217417	28.465691	2.525669	0.021934	4.5
407	-0.205384	29.457978	2.476000	0.022592	4.8
408	-0.200982	30.457978	2.427883	0.016797	3.0
409	-0.247440	29.569104	2.470559	0.019246	2.7
410	-0.246703	30.563195	2.422929	0.020041	3.7
411	-0.210153	29.662234	2.466017	0.023711	5.3
412	-0.241863	30.623089	2.420118	0.008323	2.7
413	-0.229879	31.550838	2.377392	0.023823	3.0
414	-0.231542	30.813146	2.411240	0.027150	4.5
415	-0.216381	31.813133	2.365585	0.008614	3.7
416	-0.206746	32.623325	2.329843	0.016817	4.2
417	-0.263118	33.526645	2.291246	0.035869	3.4
418	-0.230593	32.723417	2.325503	0.021534	3.9
419	-0.215090	31.822456	2.365167	0.024448	2.6
420	-0.216715	32.008940	2.356847	0.017204	3.4
421	-0.208011	31.107979	2.397597	0.005979	3.5
422	-0.200632	30.629318	2.419826	0.012588	5.5
423	-0.256733	29.996403	2.449858	0.017783	3.9
424	-0.239816	30.609210	2.420769	0.015324	2.1
425	-0.243545	31.556999	2.377113	0.022066	4.5
426	-0.204030	30.663542	2.418223	0.021463	4.5
427	-0.189095	29.762581	2.461143	0.012054	4.3
428	-0.222313	29.011575	2.498101	0.024235	2.8
429	-0.246141	28.128999	2.542978	0.014016	5.0
430	-0.203043	29.128796	2.492259	0.026270	4.6
431	-0.213374	28.227874	2.537870	0.012643	3.7
432	-0.233762	29.182139	2.489610	0.007721	2.5
433	-0.228614	28.947471	2.501307	0.030004	4.1
434	-0.202712	28.979712	2.499693	0.019080	4.5
435	-0.193292	28.078751	2.545581	0.019094	2.7
436	-0.181066	29.078524	2.494761	0.020789	3.4
437	-0.258623	28.961588	2.500600	0.012854	3.7
438	-0.206602	28.496171	2.524113	0.011164	6.6
439	-0.233708	29.484521	2.474698	0.028915	3.4
440	-0.217367	28.583579	2.519664	0.025366	3.2
441	-0.251666	27.682618	2.566295	0.035568	4.8
442	-0.224031	26.781657	2.614684	0.017544	5.5
443	-0.220572	26.769943	2.615326	0.023127	5.0
444	-0.197669	26.105833	2.652197	0.015206	5.0
445	-0.231828	26.507827	2.629755	0.021753	5.2
446	-0.266538	27.494297	2.576261	0.031877	2.5
447	-0.217218	26.641826	2.622359	0.023430	4.0
448	-0.248663	25.740866	2.672906	0.016986	3.2
449	-0.189192	26.595564	2.624907	0.017499	5.8
450	-0.215959	25.695586	2.675498	0.015880	3.7
451	-0.247039	26.612586	2.623969	0.025548	4.2
452	-0.210482	27.609474	2.570156	0.021817	3.1
453	-0.231673	28.609474	2.518349	0.017466	3.8
454	-0.205931	29.609439	2.468590	0.017526	2.8
455	-0.239809	29.515304	2.473190	0.014465	3.0
456	-0.227878	30.238616	2.438277	0.012281	4.5
457	-0.185432	29.350649	2.481278	0.008677	4.8
458	-0.265021	28.969841	2.500187	0.022815	4.3
459	-0.207495	29.728137	2.462814	0.014838	2.0
460	-0.266232	30.728136	2.415203	0.017696	5.0
461	-0.226249	31.727089	2.369445	0.023056	5.0
462	-0.204109	32.720395	2.325634	0.011294	5.5
463	-0.248634	31.819785	2.365287	0.036007	3.2
464	-0.223554	31.798678	2.366233	0.012831	4.9
465	-0.224037	32.798463	2.322259	0.016731	3.5
466	-0.224451	33.699079	2.284023	0.030767	4.2
467	-0.255817	32.798218	2.322269	0.028508	3.6
468	-0.188777	33.798218	2.279891	0.010552	3.5
469	-0.241237	32.897289	2.318001	0.008981	3.2
470	-0.252223	33.812406	2.279301	0.018673	3.0
471	-0.251612	34.522625	2.250145	0.016981	3.7
472	-0.253185	35.452197	2.213093	0.024636	5.7
473	-0.277603	36.452195	2.174572	0.013901	2.3
474	-0.194650	37.448607	2.137501	0.021028	3.1
475	-0.200575	38.438269	2.101911	0.011894	6.5
476	-0.233591	37.539205	2.134193	0.017874	3.8
477	-0.200317	36.659627	2.166749	0.023608	4.6
478	-0.237648	36.344073	2.178672	0.016057	6.1
479	-0.221433	35.443546	2.213432	0.023221	2.4
480	-0.197444	36.435656	2.175198	0.025064	2.2
481	-0.247776	37.435656	2.137975	0.016651	5.2
482	-0.225594	36.575159	2.169928	0.010731	4.5
483	-0.206554	36.931848	2.156568	0.022444	2.7
484	-0.250860	36.070851	2.189103	0.022218	2.0
485	-0.272050	35.170101	2.224207	0.019460	3.7
486	-0.199058	36.165882	2.185464	0.012824	5.6
487	-0.246264	35.264961	2.220457	0.014701	4.0
488	-0.185070	36.199589	2.184176	0.011769	2.6
489	-0.265850	36.260406	2.181856	0.017224	3.7
490	-0.196959	37.234635	2.145355	0.010685	6.1
491	-0.217286	38.225259	2.109471	0.026287	3.9
492	-0.215298	38.836327	2.087928	0.036451	2.3
493	-0.219957	39.836327	2.053608	0.030475	6.6
494	-0.240001	40.836327	2.020397	0.024000	4.2
495	-0.246421	39.935366	2.050270	0.021893	3.5
496	-0.255504	40.935366	2.017167	0.025955	6.9
497	-0.221602	41.279554	2.006019	0.014548	4.2
498	-0.261199	40.378610	2.035464	0.029048	4.3
499	-0.210726	39.485168	2.065530	0.017262	6.8
