1:ItNr	2:Metric	3a:Time	3b:StepSize	4:||Gradient||	Time[ms]
0	-0.054388	0.000000	14.055183	0.011255	607.0
1	-0.058735	0.000000	14.055183	0.013131	4.6
2	-0.055680	0.485162	13.737799	0.013914	3.9
3	-0.047697	0.000000	14.055183	0.011149	6.2
4	-0.051236	1.000000	13.416311	0.006921	5.8
5	-0.060714	0.089368	13.995623	0.012101	10.1
6	-0.048686	1.083394	13.365647	0.013184	6.2
7	-0.055038	0.170806	13.941786	0.011407	9.2
8	-0.049268	0.000000	14.055183	0.019221	5.5
9	-0.053326	1.000000	13.416311	0.015833	11.0
10	-0.061556	0.087412	13.996921	0.012037	7.2
11	-0.059425	1.086640	13.363682	0.015006	8.4
12	-0.050225	0.174103	13.939615	0.009597	7.8
13	-0.057790	1.169729	13.313597	0.011745	9.0
14	-0.054589	0.257416	13.884982	0.011364	6.8
15	-0.054316	1.257416	13.261146	0.014001	8.9
16	-0.059234	2.253134	12.693293	0.014940	8.5
17	-0.072755	3.253134	12.169926	0.015966	7.7
18	-0.052042	2.340546	12.645755	0.013754	6.7
19	-0.057554	1.588159	13.066972	0.008532	8.7
20	-0.065554	2.587886	12.513153	0.008719	6.4
21	-0.063060	1.679956	13.014083	0.007251	8.5
22	-0.047691	0.771615	13.557048	0.010849	7.3
23	-0.052352	0.368786	13.812616	0.007988	7.7
24	-0.045799	0.000000	14.055183	0.010350	7.1
25	-0.055116	0.000000	14.055183	0.010629	8.2
26	-0.045612	0.998230	13.417390	0.008297	5.7
27	-0.064990	1.998215	12.833989	0.005889	7.8
28	-0.056449	1.085806	13.364187	0.004289	7.7
29	-0.060489	0.188712	13.930004	0.009047	6.9
30	-0.068818	0.000000	14.055183	0.007942	6.4
31	-0.069229	0.999762	13.416456	0.009110	5.9
32	-0.048645	1.992972	12.836916	0.003011	7.7
33	-0.067837	1.475720	13.132342	0.013745	7.0
34	-0.050150	1.275809	13.250196	0.018268	7.8
35	-0.056309	0.363221	13.816214	0.013574	6.8
36	-0.053787	0.000000	14.055183	0.009426	5.1
37	-0.053778	0.000000	14.055183	0.011947	4.5
38	-0.062707	0.999979	13.416324	0.010124	4.3
39	-0.063350	0.087989	13.996538	0.012049	4.0
40	-0.061606	1.087989	13.362866	0.011533	5.4
41	-0.059995	0.175425	13.938744	0.015436	5.4
42	-0.048143	0.000000	14.055183	0.007132	4.1
43	-0.053323	0.955954	13.443225	0.011310	4.8
44	-0.050241	0.043916	14.025852	0.005327	4.0
45	-0.048534	0.000000	14.055183	0.009717	3.5
46	-0.057077	0.000000	14.055183	0.006869	5.9
47	-0.064035	0.855136	13.505239	0.006405	4.6
48	-0.061172	0.002479	14.053524	0.006586	4.8
49	-0.074603	0.663583	13.624654	0.015921	4.8
50	-0.056770	1.663265	13.023668	0.011895	5.1
51	-0.057398	0.750735	13.570063	0.010492	3.7
52	-0.061290	0.106471	13.984282	0.015103	4.6
53	-0.057451	1.106471	13.351694	0.011691	4.8
54	-0.066997	0.193883	13.926605	0.007812	4.3
55	-0.059684	1.193038	13.299614	0.009483	4.8
56	-0.061511	2.192578	12.726435	0.013031	4.4
57	-0.056292	1.280713	13.247280	0.006037	4.5
58	-0.066098	0.368164	13.813018	0.006443	4.0
59	-0.060471	0.000000	14.055183	0.007169	5.0
60	-0.046115	0.000000	14.055183	0.007478	5.5
61	-0.058773	0.306355	13.853089	0.015564	5.6
62	-0.066014	0.000000	14.055183	0.013992	8.0
63	-0.070513	1.000000	13.416311	0.012196	6.5
64	-0.065799	1.705644	12.999360	0.014972	13.6
65	-0.058349	2.705624	12.451005	0.013202	8.0
66	-0.062224	3.703498	11.948058	0.008190	8.0
67	-0.066876	2.790911	12.406370	0.009648	10.7
68	-0.060582	1.880957	12.899759	0.011673	5.9
69	-0.059614	2.852127	12.374529	0.008396	7.0
70	-0.058364	2.002020	12.831866	0.007097	7.9
71	-0.052334	1.089514	13.361944	0.015121	6.7
72	-0.066085	0.177381	13.937457	0.007680	7.0
73	-0.060186	0.000000	14.055183	0.007425	6.8
74	-0.065552	0.000000	14.055183	0.007115	9.5
75	-0.056509	0.821545	13.526029	0.013218	4.8
76	-0.076128	1.821545	12.933342	0.004038	5.4
77	-0.062060	2.816083	12.393257	0.012614	5.0
78	-0.052835	2.076758	12.790308	0.006942	4.5
79	-0.062035	3.004742	12.295855	0.008588	5.2
80	-0.053848	2.092172	12.781770	0.005573	4.1
81	-0.048721	2.424112	12.600641	0.007355	4.3
82	-0.062470	2.366650	12.631628	0.011430	5.1
83	-0.063199	3.363746	12.114674	0.015684	4.6
84	-0.063107	2.451158	12.586109	0.016668	3.5
85	-0.067853	1.553590	13.087000	0.009141	5.1
86	-0.062642	2.553590	12.531373	0.009955	4.8
87	-0.071627	1.641011	13.036469	0.010013	4.0
88	-0.061336	2.640892	12.485097	0.011798	4.6
89	-0.058093	1.728305	12.986399	0.013394	4.8
90	-0.060929	0.815717	13.529642	0.012352	4.3
91	-0.059096	1.815019	12.937041	0.009539	4.2
92	-0.055139	1.761178	12.967643	0.007900	4.9
93	-0.063256	2.365282	12.632368	0.017164	4.7
94	-0.079723	1.452694	13.145810	0.013305	3.9
95	-0.067860	0.540106	13.702757	0.006868	4.8
96	-0.061840	1.539729	13.095048	0.015707	4.2
97	-0.069219	0.627141	13.647612	0.015299	3.9
98	-0.072412	1.627141	13.044460	0.006530	4.0
99	-0.057974	1.711850	12.995808	0.006594	4.6
100	-0.060945	2.179564	12.733580	0.014371	6.0
101	-0.057992	1.293613	13.239614	0.010654	4.7
102	-0.061589	2.293228	12.671444	0.005993	6.2
103	-0.069865	1.561250	13.082557	0.012879	5.2
104	-0.059996	2.561024	12.527420	0.010577	5.2
105	-0.063887	2.686485	12.461065	0.007085	5.8
106	-0.055821	1.829984	12.928561	0.008678	6.1
107	-0.059488	2.827371	12.387386	0.012848	5.8
108	-0.069177	1.914783	12.880717	0.011958	4.8
109	-0.051131	1.002195	13.414972	0.009924	6.3
110	-0.069003	2.000453	12.832740	0.009850	6.2
111	-0.061752	1.090151	13.361558	0.009531	5.4
112	-0.066161	2.089142	12.783448	0.014735	5.0
113	-0.065152	1.176598	13.309473	0.008924	5.9
114	-0.061508	0.264910	13.880089	0.016109	5.0
115	-0.071081	1.264909	13.256683	0.014086	5.7
116	-0.055646	2.264909	12.686868	0.015076	6.8
117	-0.075874	1.352321	13.204840	0.009583	5.2
118	-0.070281	2.285282	12.675768	0.015945	5.8
119	-0.055441	1.372964	13.192657	0.008985	4.8
120	-0.069870	0.460860	13.753355	0.009870	6.3
121	-0.059381	0.565288	13.686756	0.009357	6.0
122	-0.054283	0.328160	13.838927	0.012252	5.8
123	-0.073474	0.000000	14.055183	0.017641	5.9
124	-0.060460	0.000000	14.055183	0.007566	5.8
125	-0.074214	0.000000	14.055183	0.010674	5.9
126	-0.067321	0.000000	14.055183	0.009598	4.8
127	-0.064726	0.000000	14.055183	0.006456	5.8
128	-0.062850	0.991596	13.421438	0.016800	4.9
129	-0.062355	0.644642	13.636577	0.010550	5.9
130	-0.065459	0.000000	14.055183	0.009130	5.6
131	-0.065574	0.000000	14.055183	0.017745	5.3
132	-0.059613	0.000000	14.055183	0.006765	6.3
133	-0.082889	0.000000	14.055183	0.010665	6.6
134	-0.059719	0.000000	14.055183	0.019682	5.5
135	-0.073547	1.000000	13.416311	0.013162	5.5
136	-0.067013	0.087415	13.996919	0.010499	5.3
137	-0.065960	0.000000	14.055183	0.016300	6.3
138	-0.066209	0.000000	14.055183	0.009348	5.7
139	-0.069050	0.000000	14.055183	0.014998	5.4
140	-0.075244	0.000000	14.055183	0.009526	5.2
141	-0.073127	0.999674	13.416509	0.015874	5.5
142	-0.062134	0.087086	13.997137	0.011259	6.0
143	-0.058690	1.087086	13.363412	0.009878	6.1
144	-0.064169	1.860133	12.911510	0.012027	8.0
145	-0.060627	1.446065	13.149692	0.011118	6.1
146	-0.060276	0.533477	13.706975	0.009322	6.4
147	-0.079465	0.000000	14.055183	0.017695	5.9
148	-0.067559	0.000000	14.055183	0.016080	7.7
149	-0.076818	0.000000	14.055183	0.011839	5.7
150	-0.084315	0.000000	14.055183	0.008865	6.7
151	-0.066598	0.999986	13.416320	0.008814	5.9
152	-0.071346	0.507507	13.723526	0.016179	5.8
153	-0.073587	0.000000	14.055183	0.021095	8.2
154	-0.076359	0.000000	14.055183	0.008007	5.7
155	-0.065442	0.000000	14.055183	0.013646	6.2
156	-0.070391	0.000000	14.055183	0.011508	7.3
157	-0.080413	1.000000	13.416311	0.008906	6.1
158	-0.069624	0.273492	13.874490	0.010507	6.4
159	-0.066112	0.000000	14.055183	0.011624	6.1
160	-0.070999	0.644116	13.636909	0.014095	6.8
161	-0.075219	0.000000	14.055183	0.016607	6.1
162	-0.078515	0.999895	13.416375	0.020786	6.2
163	-0.065043	0.087308	13.996990	0.013753	5.9
164	-0.072217	1.086655	13.363673	0.012595	8.9
165	-0.077891	0.174067	13.939638	0.011146	8.0
166	-0.076231	1.173943	13.311067	0.010836	7.6
167	-0.084943	1.486530	13.126029	0.011257	5.7
168	-0.069762	2.486398	12.567225	0.016586	5.1
169	-0.071014	1.573810	13.075278	0.006522	5.0
170	-0.067032	0.806583	13.535309	0.017143	4.0
171	-0.073436	1.166784	13.315366	0.011289	4.8
172	-0.081846	0.254197	13.887085	0.016682	5.2
173	-0.068725	0.000000	14.055183	0.012447	7.7
174	-0.086860	0.000000	14.055183	0.011779	6.9
175	-0.060063	0.999935	13.416350	0.013836	7.4
176	-0.090936	0.087347	13.996964	0.013145	7.4
177	-0.077895	0.000000	14.055183	0.018755	5.7
178	-0.080565	0.000000	14.055183	0.016016	4.9
179	-0.090340	0.000000	14.055183	0.012253	3.3
180	-0.072438	0.000000	14.055183	0.011881	4.0
181	-0.075335	0.967248	13.436314	0.005672	3.9
182	-0.082701	1.961239	12.854656	0.010490	5.1
183	-0.073638	1.395447	13.179412	0.007571	4.9
184	-0.080512	2.395301	12.616159	0.019444	8.7
185	-0.069479	3.395301	12.099004	0.014556	6.7
186	-0.083533	2.482713	12.569196	0.005122	5.2
187	-0.083946	3.037839	12.278925	0.006170	7.1
188	-0.071025	3.327073	12.132937	0.013944	5.8
189	-0.078096	4.195933	11.714543	0.020032	6.7
190	-0.073698	3.283345	12.154785	0.011718	6.3
191	-0.075618	4.282923	11.674237	0.007191	6.6
192	-0.082449	4.830366	11.426816	0.017434	6.7
193	-0.078887	5.830028	11.001063	0.017445	5.7
194	-0.088644	4.917440	11.388425	0.017390	5.9
195	-0.077865	4.005238	11.803880	0.006908	5.9
196	-0.082742	4.974972	11.363201	0.017014	7.2
197	-0.072346	4.104860	11.757040	0.011200	6.0
198	-0.078607	3.192272	12.200542	0.013868	6.4
199	-0.083405	2.279685	12.678816	0.013551	7.6
200	-0.089651	1.367366	13.195959	0.012901	6.1
201	-0.076423	2.367366	12.631241	0.013914	5.8
202	-0.071247	3.367366	12.112874	0.009404	6.5
203	-0.076667	4.367366	11.635376	0.010022	6.3
204	-0.077343	4.146193	11.737715	0.011283	7.6
205	-0.084161	3.233684	12.179693	0.019719	6.2
206	-0.074242	4.233684	11.697017	0.012385	8.6
207	-0.089158	5.233678	11.251142	0.007618	6.2
208	-0.083451	4.350300	11.643209	0.012837	7.0
209	-0.079765	5.349789	11.201564	0.015715	7.6
210	-0.071387	6.349789	10.791997	0.013982	7.1
211	-0.081587	5.437201	11.164527	0.011837	6.2
212	-0.098082	4.734622	11.469329	0.010148	9.0
213	-0.081653	5.733866	11.040634	0.015584	6.6
214	-0.084378	6.733844	10.642551	0.009441	6.9
215	-0.072747	6.601926	10.693415	0.017913	6.5
216	-0.081236	5.694271	11.057011	0.011297	5.7
217	-0.083078	6.694271	10.657758	0.006816	6.5
218	-0.080085	7.595595	10.321829	0.012511	7.2
219	-0.092060	7.520834	10.348885	0.019832	9.4
220	-0.075546	8.520834	9.998323	0.007436	8.6
221	-0.081214	7.608246	10.317264	0.011486	7.0
222	-0.072458	7.120399	10.496253	0.012842	6.8
223	-0.086408	6.207811	10.848312	0.017340	6.7
224	-0.090926	5.295257	11.224794	0.015314	6.9
225	-0.077394	4.382669	11.628361	0.019989	6.0
226	-0.069611	5.275264	11.233335	0.007734	7.2
227	-0.104428	4.362679	11.637526	0.012976	5.9
228	-0.093528	3.450203	12.071836	0.007803	7.2
229	-0.085817	4.450104	11.597549	0.008696	7.6
230	-0.075063	4.637141	11.512939	0.009853	5.6
231	-0.095591	5.580171	11.104475	0.009839	6.8
232	-0.077730	6.580054	10.701895	0.018115	5.9
233	-0.090379	5.669304	11.067362	0.014714	7.1
234	-0.075299	4.756730	11.459484	0.015968	6.4
235	-0.080701	5.756729	11.031200	0.007172	6.2
236	-0.077353	6.474146	10.743149	0.015781	6.2
237	-0.082671	7.302305	10.428791	0.007824	5.6
238	-0.080478	6.389731	10.776259	0.009808	6.9
239	-0.084794	7.351493	10.410698	0.010722	6.2
240	-0.092074	8.091845	10.145759	0.011742	6.2
241	-0.077495	9.091844	9.808599	0.009110	6.4
242	-0.077344	10.091844	9.493127	0.015490	5.9
243	-0.080037	11.091844	9.197316	0.011173	6.4
244	-0.075250	12.091844	8.919383	0.010335	7.4
245	-0.083715	13.091844	8.657755	0.006839	5.1
246	-0.085908	14.074832	8.415118	0.008068	6.9
247	-0.080339	15.071498	8.182605	0.015501	5.7
248	-0.086983	14.176913	8.390697	0.014900	7.1
249	-0.087162	13.264327	8.614173	0.016187	6.2
250	-0.091564	14.264327	8.369899	0.012292	6.5
251	-0.086132	15.264319	8.139098	0.011692	6.2
252	-0.080851	14.351731	8.349205	0.008945	7.0
253	-0.086848	15.351731	8.119526	0.008308	6.6
254	-0.091307	14.561851	8.299873	0.006051	5.3
255	-0.078985	15.560127	8.073244	0.012448	7.8
256	-0.071207	14.669855	8.274742	0.012170	5.8
257	-0.080954	15.669814	8.049095	0.009087	6.6
258	-0.091896	16.669737	7.835437	0.013854	7.9
259	-0.095348	17.669737	7.632812	0.014632	5.9
260	-0.096577	16.757161	7.817294	0.009388	7.3
261	-0.075732	15.844628	8.010906	0.018047	5.2
262	-0.092325	14.932538	8.214250	0.017153	6.4
263	-0.086667	15.932538	7.991837	0.015080	7.0
264	-0.076096	15.019950	8.194316	0.013944	5.5
265	-0.086329	16.019950	7.972967	0.018532	5.7
266	-0.080269	17.019950	7.763262	0.010913	5.9
267	-0.097185	16.107367	7.954184	0.023112	5.3
268	-0.086653	15.194779	8.154735	0.010048	5.8
269	-0.086167	14.282191	8.365661	0.013459	6.4
270	-0.085115	13.371282	8.587368	0.013472	9.7
271	-0.100584	12.458694	8.821589	0.015526	5.8
272	-0.076294	13.458656	8.565593	0.010707	7.1
273	-0.078116	12.560334	8.794872	0.014188	8.1
274	-0.082991	13.537926	8.545934	0.010397	6.7
275	-0.083504	14.505238	8.313107	0.013004	6.5
276	-0.077962	13.604732	8.529436	0.008298	6.9
277	-0.082516	14.602626	8.290367	0.019703	7.7
278	-0.102246	15.423513	8.103525	0.011133	7.0
279	-0.103536	14.518114	8.310093	0.012130	8.1
280	-0.078676	13.605526	8.529240	0.011867	5.7
281	-0.084998	12.692975	8.760249	0.015928	9.1
282	-0.096861	11.780777	9.004022	0.010013	8.3
283	-0.089855	12.779248	8.737875	0.019047	8.8
284	-0.078728	12.257869	8.874857	0.017810	5.6
285	-0.087296	13.257869	8.615797	0.011568	8.5
286	-0.078201	14.257869	8.371432	0.009398	5.8
287	-0.085635	15.257869	8.140546	0.017424	7.0
288	-0.080959	16.257869	7.922054	0.015402	7.0
289	-0.093526	15.345281	8.120967	0.010460	7.3
290	-0.085219	16.275028	7.918407	0.013747	8.9
291	-0.098749	15.439289	8.100016	0.012963	5.9
292	-0.078844	14.526701	8.308085	0.006218	8.8
293	-0.084754	15.526099	8.080765	0.013654	7.6
294	-0.074456	16.484638	7.874128	0.008322	7.7
295	-0.078851	15.766400	8.027950	0.013130	5.9
296	-0.089338	16.766389	7.815384	0.010412	9.0
297	-0.100609	15.853804	8.008911	0.011128	6.8
298	-0.074774	16.853682	7.797361	0.006352	7.9
299	-0.090680	15.941570	7.989883	0.012345	6.1
300	-0.090259	15.029023	8.192252	0.012213	7.4
301	-0.085205	14.116435	8.405148	0.009949	7.8
302	-0.080565	13.219772	8.625389	0.007164	6.3
303	-0.083657	14.214275	8.381795	0.005526	6.9
304	-0.093775	13.419538	8.575328	0.012854	4.9
305	-0.087355	12.506967	8.808880	0.014494	7.4
306	-0.083664	11.594758	9.055408	0.013249	5.3
307	-0.075561	12.594751	8.785862	0.008510	6.1
308	-0.107207	12.668722	8.766559	0.010120	7.7
309	-0.082477	13.668185	8.513824	0.008338	5.7
310	-0.089113	12.756153	8.743853	0.012619	7.1
311	-0.067104	13.756144	8.492278	0.009517	5.1
312	-0.087235	14.756131	8.254776	0.011904	8.1
313	-0.087009	15.756081	8.030204	0.004184	6.5
314	-0.084576	16.048730	7.966774	0.015583	5.8
315	-0.078410	15.176762	8.158796	0.013617	6.3
316	-0.077104	14.264174	8.369935	0.003125	5.7
317	-0.096307	15.246708	8.143052	0.008749	7.0
318	-0.077894	15.720010	8.038093	0.015863	6.8
319	-0.087962	14.807422	8.242951	0.010654	8.0
320	-0.084475	15.578677	8.069150	0.005992	4.5
321	-0.075267	14.794461	8.245936	0.012493	3.4
322	-0.087864	13.887241	8.460366	0.013687	4.2
323	-0.091988	14.887078	8.224655	0.011836	4.4
324	-0.087016	13.975921	8.438915	0.015441	3.9
325	-0.080077	14.975921	8.204344	0.008283	3.4
326	-0.084300	14.063334	8.417877	0.004302	4.1
327	-0.097703	14.110115	8.406661	0.013413	3.4
328	-0.081227	15.109085	8.174088	0.009497	4.0
329	-0.093603	16.109085	7.953816	0.010394	5.4
330	-0.082064	15.196557	8.154335	0.017627	6.3
331	-0.078850	16.188467	7.936838	0.011717	6.2
332	-0.077729	17.188467	7.729005	0.007128	5.4
333	-0.080762	17.857288	7.595971	0.011949	7.3
334	-0.080402	18.857245	7.405400	0.008423	6.1
335	-0.088345	17.945223	7.578820	0.014131	6.5
336	-0.084044	17.038741	7.759427	0.012212	6.7
337	-0.075876	18.038741	7.560665	0.019915	5.7
338	-0.089972	17.126153	7.741637	0.010199	6.3
339	-0.089620	18.126153	7.543774	0.011233	6.4
340	-0.082440	17.219887	7.722651	0.012761	6.2
341	-0.083790	16.655013	7.838501	0.011636	6.7
342	-0.083397	15.742425	8.033189	0.014440	9.1
343	-0.103719	14.829837	8.237795	0.015778	6.3
344	-0.094328	13.917249	8.453095	0.011478	5.3
345	-0.095260	14.917249	8.217746	0.009511	6.7
346	-0.091887	15.917162	7.995166	0.010065	5.2
347	-0.077697	15.004611	8.197807	0.010747	5.8
348	-0.082583	16.004508	7.976294	0.012803	6.8
349	-0.084578	15.091920	8.177975	0.012756	5.4
350	-0.078714	16.091920	7.957497	0.021374	7.4
351	-0.085334	17.091920	7.748594	0.016924	5.3
352	-0.094877	18.053952	7.557720	0.018607	5.6
353	-0.101559	17.141364	7.738550	0.010369	7.2
354	-0.073679	18.141364	7.540842	0.014645	6.5
355	-0.098709	19.124031	7.356161	0.008648	7.9
356	-0.093308	18.211450	7.527363	0.010075	6.1
357	-0.094511	19.194725	7.343223	0.008766	9.5
358	-0.085328	20.193667	7.165151	0.017293	5.8
359	-0.072224	19.293439	7.325233	0.011595	4.9
360	-0.079561	18.647052	7.444660	0.008571	7.2
361	-0.086870	17.829458	7.601415	0.008821	5.2
362	-0.083511	18.809525	7.414277	0.013850	6.9
363	-0.070072	17.896945	7.588227	0.010635	6.1
364	-0.086685	18.896945	7.398031	0.011539	6.8
365	-0.088820	17.984580	7.571169	0.008174	6.8
366	-0.086005	17.072498	7.752547	0.010448	6.5
367	-0.094945	18.071940	7.554241	0.010304	6.7
368	-0.082746	17.159352	7.734902	0.012172	6.9
369	-0.089857	18.159352	7.537378	0.009567	5.8
370	-0.088247	17.259492	7.714656	0.013300	7.0
371	-0.091874	16.346982	7.903151	0.020371	5.1
372	-0.070952	15.434394	8.101105	0.014189	7.2
373	-0.079045	16.434394	7.884696	0.017304	7.0
374	-0.087509	17.434394	7.679550	0.014898	7.2
375	-0.078770	18.434394	7.484807	0.013392	6.3
376	-0.093893	19.434394	7.299697	0.010906	5.7
377	-0.082724	18.536390	7.465498	0.014348	5.8
378	-0.079721	17.687619	7.629284	0.018190	5.6
379	-0.086840	18.687619	7.437051	0.006487	5.7
380	-0.077015	17.775037	7.612084	0.006256	8.0
381	-0.086396	16.886900	7.790525	0.010526	5.4
382	-0.087520	16.032442	7.970277	0.008487	7.1
383	-0.092551	17.032060	7.760790	0.010033	4.9
384	-0.087809	18.022034	7.563902	0.012209	5.8
385	-0.078649	18.974231	7.383728	0.013488	6.9
386	-0.103972	19.973690	7.203619	0.013819	6.4
387	-0.083286	20.960812	7.034155	0.014519	6.9
388	-0.089935	20.048224	7.190539	0.012884	6.1
389	-0.076987	19.135636	7.354034	0.006288	7.1
390	-0.081035	18.223183	7.525112	0.012117	6.5
391	-0.074449	17.320153	7.702444	0.016633	6.5
392	-0.083398	16.407565	7.890352	0.013859	6.3
393	-0.085557	17.371017	7.692234	0.008204	5.6
394	-0.101684	17.560477	7.654440	0.005361	6.3
395	-0.084693	17.690830	7.628651	0.014898	5.9
396	-0.075026	16.778899	7.812796	0.013220	5.9
397	-0.083095	17.778896	7.611326	0.014609	5.7
398	-0.086424	16.866415	7.794739	0.017815	5.9
399	-0.086457	15.953827	7.987233	0.010020	5.5
400	-0.092487	16.952695	7.777019	0.015952	6.1
401	-0.098917	17.952694	7.577366	0.011569	6.0
402	-0.100051	17.040106	7.759149	0.008679	6.0
403	-0.081249	18.040106	7.560401	0.008760	6.4
404	-0.088846	19.040090	7.371583	0.011610	6.1
405	-0.089113	19.481026	7.291289	0.010534	5.3
406	-0.076128	20.458524	7.119376	0.008010	6.3
407	-0.081878	20.098257	7.181785	0.011503	6.4
408	-0.101366	21.096428	7.011494	0.008693	5.7
409	-0.089335	22.096427	6.848801	0.011543	5.4
410	-0.083971	21.183839	6.996965	0.011281	5.5
411	-0.091934	20.281286	7.149943	0.008068	6.0
412	-0.084277	21.281271	6.980841	0.009987	5.2
413	-0.106536	20.638070	7.088677	0.010297	5.9
414	-0.090662	19.725482	7.247522	0.008594	4.5
415	-0.083589	18.909163	7.395766	0.009267	7.0
416	-0.070155	19.908836	7.215039	0.008346	5.7
417	-0.087542	20.854495	7.052022	0.014448	6.3
418	-0.091262	20.022762	7.195002	0.012279	7.4
419	-0.080216	20.033049	7.193198	0.011750	6.4
420	-0.090790	19.120904	7.356734	0.007008	6.8
421	-0.093355	18.517911	7.468989	0.009368	6.4
422	-0.077267	17.606377	7.645339	0.012476	5.1
423	-0.105208	18.606351	7.452311	0.014560	6.9
424	-0.089928	17.739569	7.619053	0.012228	5.4
425	-0.079799	18.662271	7.441804	0.010252	6.7
426	-0.078840	19.578209	7.273826	0.014379	6.4
427	-0.080059	18.665935	7.441116	0.016811	5.5
428	-0.083201	17.753348	7.616344	0.013423	6.3
429	-0.086519	18.753347	7.424754	0.015148	5.9
430	-0.088513	19.753347	7.242567	0.010926	5.8
431	-0.090784	20.753347	7.069106	0.015208	6.5
432	-0.092675	21.740757	6.905793	0.017125	6.4
433	-0.079869	22.038972	6.857944	0.010794	4.9
434	-0.071231	23.038961	6.702221	0.011025	5.9
435	-0.081752	22.126375	6.844045	0.008140	7.1
436	-0.084776	21.275424	6.981807	0.011724	7.7
437	-0.079560	20.362842	7.135845	0.010435	6.1
438	-0.092408	21.362842	6.967399	0.015572	6.1
439	-0.078764	22.345114	6.809507	0.016150	7.3
440	-0.078818	23.345114	6.655949	0.013115	6.0
441	-0.097800	24.345103	6.509167	0.008874	6.0
442	-0.085976	25.344742	6.368766	0.013856	7.4
443	-0.079845	26.344741	6.234248	0.010754	6.2
444	-0.083571	27.344561	6.105316	0.018824	5.9
445	-0.075693	28.341615	5.981945	0.010106	6.1
446	-0.087441	27.429027	6.094668	0.006780	6.1
447	-0.082409	28.357718	5.979994	0.014150	6.4
448	-0.080479	27.742363	6.055489	0.008006	6.6
449	-0.094169	26.875195	6.165173	0.011076	5.4
450	-0.078811	27.548469	6.079673	0.010257	5.5
451	-0.100110	28.468846	5.966560	0.017697	5.0
452	-0.075967	27.556259	6.078698	0.009322	6.0
453	-0.089889	28.556243	5.956037	0.010572	5.8
454	-0.101998	27.643655	6.067777	0.011499	5.7
455	-0.072395	28.643655	5.945550	0.012140	6.1
456	-0.079121	29.643408	5.828179	0.016012	6.3
457	-0.086876	28.730847	5.935126	0.017942	5.9
458	-0.090878	29.666967	5.825469	0.013127	6.6
459	-0.090521	30.666967	5.712719	0.016719	6.8
460	-0.092210	29.754379	5.815436	0.013586	5.2
461	-0.082510	30.754379	5.703070	0.013928	5.7
462	-0.083308	29.841791	5.805437	0.019120	6.1
463	-0.098906	30.841785	5.693454	0.009808	6.0
464	-0.074146	31.841785	5.585709	0.015869	7.4
465	-0.078951	32.841782	5.481966	0.010189	5.5
466	-0.090540	31.934279	5.575949	0.012324	5.4
467	-0.080756	32.697643	5.496681	0.017696	7.3
468	-0.092963	33.677583	5.398169	0.007326	6.0
469	-0.086854	32.858563	5.480258	0.010202	5.8
470	-0.098789	32.447313	5.522426	0.011507	5.2
471	-0.077311	31.651963	5.605847	0.013627	6.0
472	-0.077719	32.413921	5.525878	0.009184	13.0
473	-0.081785	31.501357	5.621928	0.011168	5.9
474	-0.079422	32.493788	5.517628	0.010452	4.1
475	-0.090134	33.028865	5.462984	0.014701	5.3
476	-0.090421	34.028865	5.363709	0.010910	4.7
477	-0.097190	35.017527	5.269044	0.008975	4.4
478	-0.094903	36.013549	5.176995	0.019357	4.1
479	-0.086707	37.013549	5.087757	0.014487	4.4
480	-0.076627	38.013538	5.001544	0.006896	4.6
481	-0.091077	37.801757	5.019558	0.012711	5.5
482	-0.105126	36.920078	5.095968	0.010268	4.5
483	-0.090226	37.097710	5.080387	0.006845	5.1
484	-0.084874	38.082414	4.995714	0.007666	4.8
485	-0.073925	39.062932	4.914160	0.010066	4.6
486	-0.082195	38.246126	4.981909	0.014180	4.9
487	-0.090036	39.130158	4.908666	0.015279	4.8
488	-0.079981	38.217571	4.984312	0.015722	3.7
489	-0.080477	39.208763	4.902257	0.014703	4.8
490	-0.078056	40.208763	4.822166	0.013830	4.4
491	-0.098191	41.184040	4.746537	0.008753	4.9
492	-0.080886	42.183349	4.671466	0.010499	4.0
493	-0.087621	43.183331	4.598684	0.010640	4.4
494	-0.095265	42.354365	4.658856	0.014691	5.7
495	-0.090978	43.350201	4.586759	0.006375	4.3
496	-0.070730	44.348776	4.516670	0.007314	4.4
497	-0.074942	43.944048	4.544817	0.011445	4.7
498	-0.083321	43.031514	4.609587	0.007268	4.4
499	-0.088270	44.023165	4.539287	0.012078	6.5
