1:ItNr	2:Metric	3a:Time	3b:StepSize	4:||Gradient||	Time[ms]
0	-0.252618	0.000000	3.494883	0.030566	1381.5
1	-0.316580	0.000000	3.494883	0.203598	3.4
2	-0.259047	0.000000	3.494883	0.023578	5.1
3	-0.261175	1.000000	3.336024	0.069780	3.0
4	-0.272541	0.186264	3.464157	0.062040	2.0
5	-0.264477	0.000000	3.494883	0.035955	1.9
6	-0.274186	0.000000	3.494883	0.057762	3.0
7	-0.254027	0.000000	3.494883	0.032482	2.9
8	-0.331373	0.749515	3.374445	0.028838	2.7
9	-0.275701	1.406679	3.275476	0.094569	4.7
10	-0.236558	2.406677	3.135538	0.012436	2.9
11	-0.243552	3.406600	3.007077	0.044624	4.5
12	-0.290836	4.301592	2.900708	0.021858	4.6
13	-0.269424	3.487878	2.997097	0.051509	2.8
14	-0.264971	2.676710	3.099778	0.052065	2.5
15	-0.293092	3.676710	2.974162	0.055933	3.0
16	-0.301507	2.864077	3.075440	0.107703	1.9
17	-0.281802	3.864077	2.951750	0.059244	3.2
18	-0.272643	3.050341	3.051622	0.053736	3.7
19	-0.290450	2.236604	3.158488	0.093036	3.8
20	-0.299494	1.422868	3.273111	0.050108	2.1
21	-0.338288	0.609131	3.396367	0.056703	1.8
22	-0.278151	1.609131	3.246146	0.055697	2.0
23	-0.261299	0.795395	3.367341	0.049521	4.2
24	-0.278269	0.000000	3.494883	0.036546	4.0
25	-0.323141	0.000000	3.494883	0.026101	2.6
26	-0.276908	0.980257	3.339021	0.027442	2.1
27	-0.311991	1.320503	3.288122	0.040083	3.4
28	-0.271729	0.506841	3.412521	0.062093	2.7
29	-0.286881	1.506841	3.260899	0.035605	3.0
30	-0.284222	2.506841	3.122178	0.032985	1.7
31	-0.306198	3.506832	2.994779	0.056088	3.3
32	-0.321325	4.502446	2.877863	0.030907	2.3
33	-0.297440	3.782744	2.961437	0.038673	2.7
34	-0.262525	2.969012	3.061976	0.043597	3.5
35	-0.262297	2.155276	3.169582	0.025488	1.7
36	-0.264652	1.528800	3.257721	0.017001	3.8
37	-0.306275	1.645493	3.240934	0.058373	2.3
38	-0.342531	0.831761	3.361732	0.066545	3.3
39	-0.299612	1.831761	3.214493	0.034404	5.1
40	-0.299661	1.018024	3.333294	0.055545	3.3
41	-0.309238	0.204288	3.461212	0.053813	2.3
42	-0.298034	0.000000	3.494883	0.025492	2.7
43	-0.300106	0.000000	3.494883	0.049360	2.6
44	-0.307859	0.000000	3.494883	0.016957	3.7
45	-0.273882	0.870533	3.355773	0.060106	3.5
46	-0.302644	1.866631	3.209591	0.048642	1.9
47	-0.279791	1.052895	3.328023	0.028298	3.0
48	-0.320122	1.920448	3.202055	0.010788	4.1
49	-0.259894	1.162117	3.311621	0.016412	2.7
50	-0.300116	0.589902	3.399392	0.034698	4.0
51	-0.312097	1.552656	3.254275	0.021082	2.9
52	-0.302628	2.425103	3.133072	0.028890	5.0
53	-0.311262	2.659939	3.101975	0.011334	5.5
54	-0.262531	3.265142	3.024608	0.036955	3.2
55	-0.249865	3.701259	2.971206	0.040237	6.3
56	-0.335140	2.887527	3.072421	0.019569	4.9
57	-0.320032	2.073928	3.180756	0.030743	3.0
58	-0.294929	1.316324	3.288738	0.046883	2.1
59	-0.290719	0.503176	3.413102	0.028207	4.1
60	-0.307650	1.503141	3.261435	0.149517	7.3
61	-0.314768	0.748681	3.374574	0.056449	2.3
62	-0.279242	1.748681	3.226233	0.018025	3.7
63	-0.317264	0.951370	3.343415	0.036815	6.8
64	-0.285291	1.949410	3.198014	0.051661	4.5
65	-0.295599	1.543950	3.255531	0.031543	2.9
66	-0.295689	0.730978	3.377323	0.051474	8.4
67	-0.269813	1.730978	3.228745	0.008551	3.4
68	-0.281890	1.034472	3.330805	0.016037	2.2
69	-0.296104	1.338414	3.285486	0.028773	10.4
70	-0.271182	0.792854	3.367734	0.052625	2.2
71	-0.293132	1.792835	3.219983	0.025212	1.8
72	-0.303379	2.291627	3.151027	0.016277	3.5
73	-0.306939	3.116252	3.043281	0.085372	4.8
74	-0.277295	2.302543	3.149550	0.029435	5.1
75	-0.269018	3.302543	3.019953	0.035948	3.1
76	-0.285359	4.298958	2.901010	0.036453	4.8
77	-0.270510	5.298957	2.790701	0.057819	4.9
78	-0.305833	6.298925	2.688477	0.044967	1.9
79	-0.291851	7.298925	2.593474	0.050586	3.0
80	-0.306425	6.485189	2.670258	0.047055	2.8
81	-0.306167	5.671520	2.751719	0.051523	4.5
82	-0.320345	6.671520	2.652277	0.035475	4.5
83	-0.293637	7.641146	2.562486	0.038796	2.0
84	-0.272373	6.839211	2.636301	0.074801	3.0
85	-0.308656	6.025475	2.715680	0.010287	4.3
86	-0.288934	7.022691	2.619040	0.026470	3.8
87	-0.288934	6.542594	2.664692	0.026552	3.9
88	-0.283969	6.278529	2.690487	0.012726	5.9
89	-0.265442	6.366720	2.681817	0.041995	2.7
90	-0.319023	5.587570	2.760408	0.032270	1.8
91	-0.291433	6.587546	2.660350	0.022220	1.9
92	-0.267284	5.774095	2.741177	0.024263	3.7
93	-0.279906	6.530496	2.665863	0.033675	3.7
94	-0.302825	5.746001	2.744057	0.025582	4.2
95	-0.315885	6.745615	2.645194	0.038945	2.1
96	-0.343882	6.140888	2.704132	0.057308	3.3
97	-0.276495	7.140888	2.608039	0.009894	8.9
98	-0.284065	6.578598	2.661213	0.026441	4.9
99	-0.285742	7.123141	2.609685	0.015983	4.5
100	-0.294980	7.983242	2.532240	0.031507	6.4
101	-0.298892	8.855277	2.458277	0.043770	2.3
102	-0.269175	8.071822	2.524525	0.051753	3.2
103	-0.276036	7.260792	2.596974	0.008239	3.4
104	-0.295410	8.176279	2.515487	0.030047	3.6
105	-0.307709	8.596816	2.479744	0.018764	3.7
106	-0.269970	7.982852	2.532274	0.024064	1.9
107	-0.266825	7.500907	2.575095	0.035103	3.1
108	-0.284184	6.704048	2.649163	0.042943	4.9
109	-0.275588	7.690739	2.558057	0.033994	4.5
110	-0.267593	8.690680	2.471905	0.068365	2.5
111	-0.312787	9.690680	2.391362	0.047778	4.4
112	-0.284706	8.876943	2.456494	0.101559	4.7
113	-0.294371	8.063207	2.525273	0.037862	4.8
114	-0.285203	9.063207	2.441274	0.028748	2.7
115	-0.278959	8.249474	2.509192	0.031829	2.2
116	-0.329476	7.435739	2.580996	0.016968	3.7
117	-0.271522	7.630555	2.563434	0.025688	3.8
118	-0.289973	8.608857	2.478736	0.055987	3.7
119	-0.271289	9.608857	2.397755	0.042766	2.9
120	-0.285580	8.795124	2.463240	0.063804	2.3
121	-0.275704	8.804788	2.462441	0.030737	3.3
122	-0.304381	9.804788	2.382504	0.108836	5.1
123	-0.306989	8.991051	2.447148	0.026750	3.2
124	-0.259854	9.991051	2.368185	0.034371	4.1
125	-0.285384	10.910605	2.299942	0.023961	4.8
126	-0.291041	10.428572	2.335217	0.034169	2.5
127	-0.301657	11.087603	2.287255	0.021601	2.1
128	-0.274723	10.333893	2.342273	0.035212	2.1
129	-0.293531	9.579926	2.400023	0.036749	2.0
130	-0.303375	10.579766	2.324037	0.037101	2.1
131	-0.278099	10.151456	2.355991	0.028540	2.2
132	-0.297863	10.564899	2.325131	0.051893	2.0
133	-0.278909	9.751176	2.386658	0.034355	2.3
134	-0.265788	10.751176	2.311490	0.040812	2.3
135	-0.298178	9.937654	2.372272	0.022866	2.3
136	-0.257219	10.608861	2.321898	0.019798	2.5
137	-0.273039	9.811975	2.381948	0.082441	2.4
138	-0.271775	10.811972	2.307073	0.062143	2.5
139	-0.308281	9.998235	2.367636	0.138520	2.3
140	-0.303986	10.998235	2.293643	0.090866	4.8
141	-0.301610	10.184499	2.353494	0.032618	3.8
142	-0.299155	11.184499	2.280369	0.039608	5.8
143	-0.299825	11.093162	2.286859	0.033108	4.0
144	-0.286841	10.281472	2.346198	0.050168	2.7
145	-0.324690	9.476844	2.408141	0.058628	2.6
146	-0.299574	10.476844	2.331636	0.035682	4.8
147	-0.266669	11.476350	2.259876	0.029542	2.9
148	-0.267050	10.662619	2.317955	0.060671	3.1
149	-0.286419	9.848894	2.379098	0.036472	2.4
150	-0.326777	10.848894	2.304398	0.023542	1.8
151	-0.275058	11.826948	2.235741	0.032049	4.2
152	-0.282424	12.010907	2.223281	0.052058	4.2
153	-0.268071	13.010907	2.157912	0.028690	2.7
154	-0.326546	14.010907	2.096276	0.108155	4.8
155	-0.277280	15.010907	2.038064	0.127938	7.6
156	-0.285075	14.197171	2.085183	0.066973	4.0
157	-0.266965	13.383434	2.134532	0.029201	2.8
158	-0.286119	12.569698	2.186273	0.076292	3.5
159	-0.302734	11.756000	2.240583	0.022318	5.9
160	-0.298553	12.705323	2.177476	0.022724	4.0
161	-0.277063	13.516036	2.126332	0.021669	4.2
162	-0.288651	12.836819	2.169014	0.029553	4.8
163	-0.277723	12.051364	2.220560	0.093298	3.2
164	-0.280632	13.051364	2.155348	0.097544	3.5
165	-0.289394	14.051364	2.093857	0.094369	3.0
166	-0.299921	15.051364	2.035777	0.020946	3.9
167	-0.254139	14.237665	2.082787	0.029359	3.9
168	-0.309483	14.718954	2.054722	0.036691	3.0
169	-0.286609	15.698007	1.999905	0.035975	2.5
170	-0.278479	16.697956	1.946857	0.046036	3.0
171	-0.302975	17.697286	1.896581	0.023268	4.1
172	-0.315389	18.695570	1.848885	0.083948	3.7
173	-0.282142	19.695540	1.803454	0.036222	3.0
174	-0.279177	18.881803	1.840251	0.018944	3.8
175	-0.276910	18.103486	1.876880	0.034288	3.5
176	-0.282266	19.102748	1.830112	0.025092	4.7
177	-0.275917	18.289680	1.867985	0.049471	3.9
178	-0.319205	17.735984	1.894686	0.033330	3.7
179	-0.270674	16.922247	1.935343	0.059553	5.7
180	-0.287307	17.922247	1.885619	0.014771	3.1
181	-0.291497	17.330006	1.914754	0.014485	3.3
182	-0.277315	16.617227	1.951035	0.030672	3.3
183	-0.283137	15.932553	1.987205	0.062612	3.4
184	-0.285115	16.932553	1.934817	0.029922	3.8
185	-0.268324	16.119087	1.977218	0.041144	2.0
186	-0.319989	17.118697	1.925368	0.106672	3.1
187	-0.259973	16.304960	1.967367	0.020886	2.7
188	-0.296372	17.304293	1.916039	0.025243	6.1
189	-0.283862	18.255086	1.869631	0.049119	2.8
190	-0.290970	17.441349	1.909208	0.059922	4.2
191	-0.317403	18.441349	1.860802	0.050365	6.6
192	-0.277313	19.441349	1.814790	0.043088	6.5
193	-0.256140	18.694662	1.848927	0.023069	4.1
194	-0.286446	19.360863	1.818408	0.032505	5.2
195	-0.277757	18.547232	1.855820	0.043253	2.0
196	-0.321632	17.733546	1.894806	0.025386	3.4
197	-0.267146	16.920397	1.935437	0.048802	2.1
198	-0.243052	17.920361	1.885711	0.015200	5.2
199	-0.317754	17.192075	1.921669	0.040539	4.0
200	-0.284745	16.971663	1.932824	0.023354	3.9
201	-0.299589	16.158004	1.975147	0.039612	3.0
202	-0.281516	17.157904	1.923390	0.008627	6.2
203	-0.292156	16.431736	1.960704	0.069157	3.3
204	-0.271532	17.421711	1.910184	0.048300	3.3
205	-0.266022	18.417782	1.861914	0.010875	2.7
206	-0.297766	17.605153	1.901107	0.049921	3.3
207	-0.273905	18.321649	1.866466	0.031388	2.0
208	-0.269480	19.321649	1.820177	0.066794	2.7
209	-0.287215	18.507914	1.857667	0.034775	4.9
210	-0.294499	19.267739	1.822614	0.044815	5.0
211	-0.270287	18.454002	1.860205	0.027505	3.9
212	-0.296778	18.255837	1.869596	0.021731	4.9
213	-0.298214	17.442587	1.909147	0.030830	3.8
214	-0.283245	16.656291	1.949011	0.054758	3.8
215	-0.312066	16.341281	1.965453	0.015834	1.8
216	-0.295139	15.550820	2.007959	0.024727	4.0
217	-0.288894	16.333826	1.965846	0.081083	4.1
218	-0.297156	15.520089	2.009648	0.020585	5.0
219	-0.267003	16.520089	1.956086	0.030476	2.3
220	-0.273871	17.300667	1.916221	0.051626	3.1
221	-0.275666	16.487406	1.957792	0.043732	2.7
222	-0.314833	17.487406	1.906923	0.011909	5.4
223	-0.327212	18.479936	1.858983	0.041593	3.0
224	-0.285516	19.457818	1.814051	0.036695	4.2
225	-0.292197	20.224292	1.780323	0.040215	7.7
226	-0.302884	19.410556	1.816172	0.026431	3.1
227	-0.285810	18.596883	1.853493	0.021215	3.0
228	-0.297497	19.560159	1.809474	0.026644	4.8
229	-0.268657	19.983207	1.790795	0.029729	3.5
230	-0.292659	19.224842	1.824558	0.044909	2.7
231	-0.301322	20.000264	1.790050	0.041659	3.5
232	-0.275418	19.186528	1.826297	0.033039	2.6
233	-0.309527	20.186436	1.781959	0.036319	4.6
234	-0.273952	21.186435	1.739719	0.027310	4.4
235	-0.315527	20.372701	1.773936	0.054606	3.3
236	-0.248110	21.367524	1.732283	0.056599	3.8
237	-0.306279	22.367524	1.692339	0.135741	5.9
238	-0.282437	21.553787	1.724700	0.064254	2.7
239	-0.294660	20.740287	1.758314	0.029246	2.3
240	-0.282547	21.740286	1.717175	0.021767	3.7
241	-0.321051	22.575325	1.684268	0.031892	3.2
242	-0.307748	21.784379	1.715405	0.042222	4.0
243	-0.297557	22.784376	1.676227	0.013816	1.8
244	-0.309413	22.380837	1.691819	0.036140	3.0
245	-0.308145	22.864663	1.673159	0.030384	4.1
246	-0.288435	23.864661	1.635865	0.040366	3.2
247	-0.247882	24.861608	1.600304	0.099257	4.3
248	-0.312446	25.861608	1.566155	0.041639	3.4
249	-0.257666	26.861608	1.533432	0.057852	4.6
250	-0.298043	26.047871	1.559954	0.071191	2.5
251	-0.294418	25.234158	1.587409	0.110296	4.9
252	-0.270555	26.138537	1.556954	0.055276	4.7
253	-0.300854	25.324801	1.584303	0.067087	3.8
254	-0.281559	26.324801	1.550826	0.041116	2.6
255	-0.292184	25.511509	1.577944	0.036888	3.9
256	-0.323003	26.315068	1.551145	0.019918	2.2
257	-0.300353	25.506977	1.578097	0.030319	3.7
258	-0.305243	26.500380	1.545094	0.028845	4.5
259	-0.300171	25.716863	1.571007	0.031266	4.7
260	-0.276872	26.002871	1.561448	0.049213	3.7
261	-0.332154	27.002871	1.528920	0.033124	5.3
262	-0.291599	28.002865	1.497719	0.047932	4.2
263	-0.281372	27.189132	1.523010	0.059774	2.4
264	-0.274519	26.375469	1.549167	0.054005	3.6
265	-0.300267	27.375469	1.517144	0.014400	3.8
266	-0.310616	26.564452	1.543012	0.040956	3.1
267	-0.281136	27.553527	1.511580	0.034230	3.9
268	-0.282867	28.553527	1.481076	0.043323	2.0
269	-0.282563	27.739905	1.505800	0.035992	3.2
270	-0.291187	26.931643	1.531192	0.025627	4.0
271	-0.331469	27.881955	1.501424	0.055150	4.3
272	-0.281308	28.881947	1.471325	0.047643	5.9
273	-0.277985	28.068213	1.495725	0.025542	7.0
274	-0.291544	27.499379	1.513268	0.077279	3.4
275	-0.292886	26.685643	1.539091	0.052300	1.8
276	-0.261019	27.685643	1.507478	0.027457	3.6
277	-0.295081	26.941198	1.530887	0.033129	4.4
278	-0.314465	27.305859	1.519330	0.131908	3.2
279	-0.284682	28.305859	1.488516	0.076945	2.9
280	-0.316569	29.305859	1.458926	0.071642	2.4
281	-0.284380	30.305859	1.430490	0.058607	4.3
282	-0.291989	29.492122	1.453544	0.045237	5.7
283	-0.286418	28.678386	1.477353	0.030607	3.2
284	-0.337824	29.677529	1.448226	0.066115	3.2
285	-0.316266	30.373816	1.428598	0.041207	3.4
286	-0.331447	31.373816	1.401321	0.078652	4.5
287	-0.304224	32.373816	1.375066	0.020057	2.6
288	-0.286824	31.621364	1.394729	0.036963	3.0
289	-0.264708	32.619234	1.368773	0.030708	4.1
290	-0.341999	33.618077	1.343741	0.022738	3.1
291	-0.296640	32.966347	1.359969	0.030143	3.7
292	-0.306896	33.912156	1.336544	0.080845	1.9
293	-0.306244	33.098420	1.356648	0.049161	3.3
294	-0.302636	32.284683	1.377366	0.057171	4.6
295	-0.294379	31.470947	1.398727	0.023063	3.3
296	-0.261611	30.658611	1.420722	0.021975	3.2
297	-0.283589	29.859942	1.443032	0.024083	3.1
298	-0.301762	30.577025	1.422970	0.068794	3.1
299	-0.288573	29.776229	1.445411	0.030465	4.6
300	-0.285441	30.776229	1.417495	0.039158	2.7
301	-0.262411	31.521400	1.397383	0.029426	2.9
302	-0.291939	32.459838	1.372854	0.056455	3.4
303	-0.285465	33.459834	1.347645	0.024334	2.7
304	-0.295208	32.646130	1.368086	0.045974	3.8
305	-0.302839	31.832444	1.389157	0.061104	3.0
306	-0.266679	32.832444	1.363351	0.015529	3.0
307	-0.298036	33.832441	1.338488	0.035043	4.5
308	-0.278946	34.733318	1.316852	0.097691	2.9
309	-0.244078	33.927926	1.336161	0.038607	3.4
310	-0.267667	33.114189	1.356253	0.016535	3.1
311	-0.306947	34.114054	1.331648	0.035384	2.8
312	-0.272389	33.589994	1.344432	0.097971	4.0
313	-0.298021	34.589994	1.320247	0.043054	2.7
314	-0.308676	35.589994	1.296917	0.017773	3.5
315	-0.298203	35.975757	1.288136	0.039654	2.4
316	-0.270623	35.221921	1.305408	0.056652	2.9
317	-0.288340	34.408185	1.324579	0.017963	4.1
318	-0.301340	34.808619	1.315075	0.048112	3.1
319	-0.291786	34.006638	1.334249	0.037676	2.7
320	-0.305683	35.006638	1.310426	0.012428	3.3
321	-0.314493	34.277187	1.327718	0.022135	2.9
322	-0.298374	34.213501	1.329250	0.084375	3.9
323	-0.279958	34.937512	1.312045	0.020371	3.4
324	-0.323129	34.124112	1.331405	0.047903	4.2
325	-0.301463	33.311826	1.351318	0.078688	7.6
326	-0.294109	32.498090	1.371872	0.094559	4.4
327	-0.284971	31.684353	1.393061	0.023711	3.4
328	-0.325039	30.971361	1.412173	0.034135	6.8
329	-0.297445	30.430615	1.427020	0.019029	5.0
330	-0.290302	31.418166	1.400136	0.023157	3.1
331	-0.251921	31.802487	1.389945	0.031221	8.4
332	-0.299642	31.500190	1.397948	0.034902	4.5
333	-0.328992	32.499634	1.371833	0.024535	3.4
334	-0.250042	31.686122	1.393015	0.023297	6.6
335	-0.297282	32.646192	1.368085	0.058580	2.8
336	-0.282394	31.889473	1.387659	0.072740	3.8
337	-0.316518	32.889473	1.361909	0.054271	7.2
338	-0.303579	33.889473	1.337097	0.063499	3.9
339	-0.283738	34.889473	1.313173	0.023628	5.0
340	-0.260258	35.889304	1.290094	0.016346	5.7
341	-0.293081	35.099031	1.308267	0.028913	4.2
342	-0.287585	35.685004	1.294743	0.047464	3.7
343	-0.271641	34.871340	1.313599	0.025087	5.4
344	-0.249900	35.121218	1.307750	0.046909	3.9
345	-0.257188	34.312978	1.326859	0.066615	3.4
346	-0.296559	35.312978	1.303297	0.050635	4.9
347	-0.277606	34.499242	1.322406	0.037672	4.3
348	-0.251693	35.490840	1.299194	0.029867	4.9
349	-0.308993	34.677107	1.318182	0.054791	3.6
350	-0.281023	33.866730	1.337651	0.015576	4.5
351	-0.274737	34.865674	1.313732	0.044542	4.7
352	-0.297592	35.862974	1.290691	0.025376	3.8
353	-0.305418	36.855449	1.268550	0.062449	3.5
354	-0.297025	36.041713	1.286647	0.024119	4.8
355	-0.265978	35.263171	1.304451	0.043220	5.7
356	-0.291537	36.138485	1.284468	0.029830	3.3
357	-0.273640	37.066196	1.263946	0.019390	4.7
358	-0.287607	38.065176	1.242569	0.063663	3.0
359	-0.313846	37.251648	1.259922	0.057087	4.3
360	-0.302247	38.251647	1.238658	0.047584	3.4
361	-0.297794	37.499557	1.254583	0.028233	3.6
362	-0.335514	38.499557	1.233497	0.023958	4.7
363	-0.326475	39.489044	1.213320	0.038467	5.0
364	-0.284338	38.676753	1.229835	0.028165	5.2
365	-0.303189	37.863633	1.246823	0.014315	4.0
366	-0.282363	37.963733	1.244706	0.039782	4.5
367	-0.282560	38.896210	1.225329	0.055896	4.2
368	-0.304702	38.373118	1.236124	0.050160	5.9
369	-0.283480	39.373118	1.215649	0.068007	5.3
370	-0.303402	40.373118	1.195842	0.031671	3.8
371	-0.246819	39.579362	1.211511	0.032960	5.2
372	-0.315548	40.042014	1.202328	0.031632	4.5
373	-0.293880	39.228290	1.218572	0.023653	3.6
374	-0.281193	39.906943	1.204995	0.029073	3.6
375	-0.281692	39.126929	1.220627	0.029273	4.5
376	-0.276476	40.126867	1.200659	0.030526	4.4
377	-0.327561	39.975372	1.203642	0.050838	2.7
378	-0.276987	40.431667	1.194702	0.038481	4.5
379	-0.287979	39.617930	1.210740	0.064462	5.6
380	-0.273882	39.406924	1.214969	0.034762	3.5
381	-0.277685	38.597944	1.231461	0.040127	4.4
382	-0.283265	39.235348	1.218430	0.115032	3.7
383	-0.309269	40.235348	1.198532	0.024729	4.5
384	-0.332921	41.235343	1.179274	0.054600	3.4
385	-0.276927	40.421670	1.194896	0.030271	9.9
386	-0.267146	39.607935	1.210939	0.042302	5.2
387	-0.266666	39.333106	1.216455	0.024201	3.6
388	-0.325308	38.519502	1.233084	0.054002	4.7
389	-0.288005	39.519498	1.212709	0.037062	3.1
390	-0.314991	38.705763	1.229237	0.022863	3.6
391	-0.306242	37.900627	1.246040	0.165971	4.1
392	-0.288024	37.086891	1.263496	0.157084	5.6
393	-0.321612	36.273154	1.281447	0.045762	4.0
394	-0.289060	35.459418	1.299917	0.047550	2.7
395	-0.296390	34.645816	1.318923	0.081309	4.9
396	-0.337381	33.832080	1.338496	0.035153	5.1
397	-0.287105	34.832080	1.314523	0.048508	3.6
398	-0.326200	35.832080	1.291393	0.076192	2.3
399	-0.280294	35.018343	1.310152	0.051198	5.9
400	-0.308162	36.018343	1.287174	0.020048	5.1
401	-0.280069	37.018336	1.264989	0.079446	2.5
402	-0.314972	38.017774	1.243567	0.051439	2.5
403	-0.324399	39.017774	1.222847	0.036131	6.5
404	-0.306255	38.204037	1.239654	0.102231	4.5
405	-0.339028	37.390301	1.256930	0.051538	3.2
406	-0.265443	38.389584	1.235781	0.032285	2.9
407	-0.273049	37.592288	1.252597	0.021753	5.6
408	-0.311929	38.580076	1.231830	0.058672	4.2
409	-0.325105	37.845827	1.247200	0.143836	2.6
410	-0.266548	37.032090	1.264689	0.019655	4.0
411	-0.280946	36.218365	1.282674	0.065557	4.7
412	-0.260273	37.213960	1.260738	0.040563	2.4
413	-0.325470	36.951872	1.266439	0.014271	4.0
414	-0.307804	36.168492	1.283793	0.045841	3.0
415	-0.302018	36.970412	1.266034	0.067849	6.2
416	-0.297380	36.156675	1.284059	0.091988	2.8
417	-0.314479	35.342939	1.302604	0.037842	4.4
418	-0.254954	34.529202	1.321693	0.033226	3.9
419	-0.281647	33.724447	1.341129	0.093529	5.3
420	-0.266846	32.910711	1.361372	0.030398	3.2
421	-0.275744	32.096974	1.382236	0.018186	3.8
422	-0.291400	33.067265	1.357430	0.050280	3.0
423	-0.327329	32.253576	1.378171	0.078347	5.2
424	-0.275932	31.439840	1.399557	0.074703	3.0
425	-0.289966	30.626139	1.421616	0.072920	4.3
426	-0.306364	29.812402	1.444382	0.025281	4.1
427	-0.262514	30.812402	1.416505	0.028278	4.3
428	-0.260078	31.429207	1.399841	0.031600	3.2
429	-0.302810	30.624183	1.421670	0.032871	3.3
430	-0.261850	29.817802	1.444229	0.033818	3.6
431	-0.288676	29.970916	1.439890	0.022204	5.3
432	-0.321952	29.157199	1.463250	0.019737	3.1
433	-0.286531	28.399379	1.485698	0.071684	3.0
434	-0.283490	29.398866	1.456234	0.019971	4.6
435	-0.292440	30.396773	1.427960	0.030408	3.6
436	-0.290294	31.388058	1.400940	0.054043	3.7
437	-0.294408	30.574321	1.423044	0.020208	3.6
438	-0.280985	31.574318	1.395977	0.022793	4.9
439	-0.255179	32.188077	1.379868	0.041515	5.2
440	-0.278529	31.531633	1.397111	0.072592	2.9
441	-0.270802	32.531633	1.371012	0.076550	3.2
442	-0.278722	33.531633	1.345871	0.061929	4.7
443	-0.260109	32.717957	1.366257	0.043536	3.8
444	-0.319588	33.716795	1.341316	0.097757	3.4
445	-0.285367	34.716795	1.317243	0.043243	3.2
446	-0.290600	33.903059	1.336766	0.047260	2.9
447	-0.284988	33.089322	1.356877	0.044588	5.2
448	-0.309603	32.275586	1.377602	0.023815	3.3
449	-0.284939	33.244596	1.352993	0.071895	3.2
450	-0.296018	34.209960	1.329335	0.031530	4.8
451	-0.318890	33.396239	1.349221	0.059717	5.6
452	-0.290811	34.396239	1.324865	0.018671	3.3
453	-0.286191	33.582912	1.344606	0.032133	4.5
454	-0.280173	34.482365	1.322808	0.083759	3.3
455	-0.265361	33.668628	1.342498	0.021709	4.7
456	-0.287242	34.086465	1.332315	0.030521	3.9
457	-0.326729	35.082065	1.308663	0.060422	4.4
458	-0.271714	36.073481	1.285931	0.034216	3.4
459	-0.278996	37.073481	1.263787	0.041051	4.1
460	-0.267412	38.073471	1.242394	0.024685	4.0
461	-0.287152	38.901755	1.225215	0.032470	5.5
462	-0.293505	38.088619	1.242076	0.046357	4.5
463	-0.277340	37.615426	1.252103	0.024513	3.2
464	-0.275371	38.615332	1.231102	0.020903	6.1
465	-0.317474	38.038721	1.243125	0.040559	3.8
466	-0.314350	38.315088	1.237333	0.044978	4.9
467	-0.297979	39.315088	1.216819	0.021867	4.0
468	-0.322411	38.671147	1.229950	0.029125	5.6
469	-0.303224	38.228766	1.239137	0.017689	3.9
470	-0.264746	38.413643	1.235281	0.078666	4.8
471	-0.271755	37.600891	1.252413	0.050120	5.4
472	-0.271456	38.600891	1.231400	0.028161	3.6
473	-0.276321	38.669297	1.229988	0.036181	4.0
474	-0.292243	37.855954	1.246986	0.027925	4.5
475	-0.331772	37.042228	1.264468	0.073882	4.8
476	-0.273910	38.042228	1.243052	0.017587	4.0
477	-0.320401	37.229269	1.260406	0.077460	3.0
478	-0.286287	38.206580	1.239601	0.020719	5.2
479	-0.298781	39.206580	1.219012	0.020449	4.8
480	-0.309103	38.412172	1.235311	0.037046	3.3
481	-0.266634	37.672727	1.250880	0.055450	4.4
482	-0.281473	36.892402	1.267740	0.022937	5.0
483	-0.320246	37.700965	1.250278	0.066523	3.3
484	-0.294025	36.887232	1.267854	0.015037	3.6
485	-0.314570	37.854655	1.247013	0.024875	4.6
486	-0.309029	38.719436	1.228956	0.026148	3.7
487	-0.317646	39.696246	1.209178	0.038244	4.2
488	-0.280713	38.892869	1.225397	0.027150	3.3
489	-0.296609	38.079162	1.242275	0.050333	2.0
490	-0.295548	37.265426	1.259624	0.044683	5.9
491	-0.287329	38.265426	1.238370	0.053256	3.5
492	-0.301418	37.451689	1.255610	0.024747	4.1
493	-0.288714	38.406147	1.235437	0.034265	2.4
494	-0.299806	38.735502	1.228625	0.047117	5.7
495	-0.306424	39.735502	1.208396	0.055996	2.9
496	-0.280190	40.735489	1.188822	0.031535	5.2
497	-0.323136	39.921753	1.204702	0.033598	3.4
498	-0.292778	40.918184	1.185315	0.030520	7.3
499	-0.284013	40.756422	1.188420	0.049122	2.3
