1:ItNr	2:Metric	3a:Time	3b:StepSize	4:||Gradient||	Time[ms]
0	-0.149399	0.000000	8.722736	0.009031	893.8
1	-0.150274	0.000000	8.722736	0.011615	7.7
2	-0.171040	0.477901	8.528648	0.014358	6.8
3	-0.158361	1.460156	8.155663	0.015881	6.3
4	-0.156252	0.605601	8.478239	0.012491	7.9
5	-0.163158	0.974576	8.335881	0.013629	6.5
6	-0.168735	0.119248	8.673484	0.009289	11.2
7	-0.128987	0.000000	8.722736	0.012264	5.8
8	-0.158331	0.000000	8.722736	0.019036	8.0
9	-0.161046	0.000000	8.722736	0.015555	7.5
10	-0.153993	0.000000	8.722736	0.020493	9.2
11	-0.159273	1.000000	8.326248	0.014097	6.0
12	-0.167522	0.149330	8.661147	0.006695	8.7
13	-0.169110	0.000000	8.722736	0.011231	6.3
14	-0.168804	0.000000	8.722736	0.019871	8.4
15	-0.152982	0.000000	8.722736	0.016696	6.4
16	-0.168249	0.000000	8.722736	0.016875	8.2
17	-0.188980	1.000000	8.326248	0.008054	7.5
18	-0.169293	0.144672	8.663055	0.015437	7.0
19	-0.149349	1.144646	8.271862	0.006752	7.9
20	-0.149473	0.343292	8.582437	0.008648	6.5
21	-0.168394	0.431751	8.547013	0.013502	8.8
22	-0.183637	1.324137	8.205354	0.019270	7.8
23	-0.161679	2.324137	7.853557	0.015180	8.2
24	-0.178925	1.469614	8.152229	0.016038	7.0
25	-0.141230	2.468412	7.805277	0.013239	7.4
26	-0.158672	1.613084	8.100507	0.015246	7.4
27	-0.155388	0.757756	8.418950	0.011096	8.0
28	-0.178977	0.000000	8.722736	0.016978	5.7
29	-0.144405	0.000000	8.722736	0.007797	8.8
30	-0.170330	0.000000	8.722736	0.008576	6.1
31	-0.148255	0.822034	8.394151	0.010238	8.9
32	-0.170359	0.568011	8.493015	0.014288	5.5
33	-0.159245	1.557190	8.120579	0.009829	8.9
34	-0.177058	0.703512	8.439991	0.015489	6.2
35	-0.155869	1.703400	8.068283	0.014776	7.2
36	-0.182464	2.703398	7.727898	0.019070	6.9
37	-0.164085	2.095085	7.931447	0.013925	10.1
38	-0.159970	1.275542	8.223255	0.013408	6.3
39	-0.179499	0.420214	8.551616	0.017346	9.9
40	-0.166902	0.000000	8.722736	0.014098	6.1
41	-0.168559	0.695365	8.443161	0.011301	7.3
42	-0.173779	0.000000	8.722736	0.018942	5.9
43	-0.172335	0.000000	8.722736	0.012647	8.1
44	-0.175785	0.999091	8.326592	0.018766	8.8
45	-0.166000	1.932313	7.987744	0.010289	7.1
46	-0.162748	1.076985	8.297213	0.010690	7.4
47	-0.156800	2.076983	7.937669	0.007281	7.2
48	-0.175855	1.286264	8.219298	0.014401	7.3
49	-0.141265	0.447081	8.540903	0.016960	6.1
50	-0.167808	1.447081	8.160413	0.014096	7.7
51	-0.169225	0.681793	8.448446	0.009874	5.8
52	-0.172208	1.672999	8.079101	0.010583	6.8
53	-0.162828	0.819034	8.395305	0.016970	7.9
54	-0.144344	1.819030	8.027399	0.019873	5.7
55	-0.142689	2.819030	7.690383	0.022333	8.3
56	-0.163292	1.963702	7.976826	0.016377	5.7
57	-0.168199	2.963565	7.643998	0.021835	8.1
58	-0.165491	2.108262	7.926925	0.008655	6.0
59	-0.158901	1.252952	8.231602	0.017999	6.5
60	-0.169635	2.252829	7.877641	0.014850	6.5
61	-0.176480	3.245527	7.555103	0.008167	7.8
62	-0.177465	4.162988	7.279638	0.013056	7.5
63	-0.173358	4.425949	7.204351	0.013757	6.0
64	-0.173481	3.570622	7.455141	0.009965	7.4
65	-0.183057	4.561746	7.166078	0.011679	7.0
66	-0.162304	5.561392	6.896380	0.013985	9.9
67	-0.183225	6.561386	6.646163	0.027923	5.7
68	-0.165713	6.686518	6.616125	0.009019	6.8
69	-0.169704	5.831936	6.826844	0.013381	6.3
70	-0.173492	6.796157	6.590028	0.006952	8.5
71	-0.166692	5.962689	6.793738	0.016304	9.1
72	-0.141205	5.108714	7.015951	0.009639	12.3
73	-0.161199	6.096333	6.760230	0.016393	7.8
74	-0.164116	7.096280	6.519634	0.016823	7.1
75	-0.171867	8.096215	6.295577	0.015356	6.1
76	-0.161458	7.240887	6.486250	0.015291	11.1
77	-0.167704	6.385559	6.688834	0.019358	14.2
78	-0.177958	7.385559	6.453192	0.014325	16.8
79	-0.156198	6.533415	6.652914	0.011600	9.3
80	-0.178074	7.459543	6.436416	0.017494	9.2
81	-0.167031	7.030554	6.534921	0.030475	6.5
82	-0.170861	6.175226	6.740605	0.008555	7.2
83	-0.158440	7.101523	6.518417	0.025144	7.3
84	-0.151898	8.101523	6.294428	0.013918	8.9
85	-0.162675	7.919086	6.334137	0.013424	8.5
86	-0.147351	7.065477	6.526789	0.012012	7.6
87	-0.148461	8.010603	6.314155	0.013231	7.1
88	-0.164721	8.998179	6.106286	0.007638	8.0
89	-0.159033	8.166428	6.280421	0.014381	7.6
90	-0.168042	8.944112	6.117311	0.013553	7.4
91	-0.176845	9.482755	6.009216	0.012375	4.9
92	-0.151241	8.627428	6.182698	0.018575	3.8
93	-0.168693	7.772100	6.366496	0.012544	5.5
94	-0.169876	6.917262	6.561441	0.014634	3.9
95	-0.178818	6.062068	6.768790	0.015582	4.0
96	-0.165676	5.207588	6.989482	0.016829	6.8
97	-0.156818	4.352260	7.225291	0.015716	6.9
98	-0.162716	5.334562	6.955781	0.019261	5.7
99	-0.147420	6.334562	6.701313	0.010711	6.7
100	-0.172152	7.334559	6.464807	0.013188	8.1
101	-0.154737	7.314172	6.469462	0.006534	6.2
102	-0.168921	6.875999	6.571153	0.011625	5.8
103	-0.169803	6.332732	6.701761	0.013130	7.0
104	-0.154912	5.477458	6.918242	0.011630	6.9
105	-0.148526	5.117767	7.013519	0.012456	6.4
106	-0.171257	6.117765	6.754888	0.014868	6.4
107	-0.170823	5.262500	6.974867	0.019923	6.2
108	-0.166474	6.262489	6.719029	0.015039	6.6
109	-0.174706	5.407162	6.936658	0.007860	5.7
110	-0.166565	6.135185	6.750551	0.006207	5.5
111	-0.177142	5.496186	6.913352	0.022602	6.7
112	-0.173224	4.830507	7.091516	0.021009	6.9
113	-0.164771	5.830507	6.827208	0.007537	6.4
114	-0.197222	6.830356	6.581930	0.020708	6.8
115	-0.157870	7.807477	6.358677	0.008315	5.9
116	-0.158359	6.952150	6.553251	0.021283	6.7
117	-0.166320	6.098089	6.759792	0.011064	5.8
118	-0.180257	7.098089	6.519214	0.010236	6.4
119	-0.156949	7.606901	6.403261	0.012200	6.5
120	-0.159254	8.589552	6.190613	0.009696	6.2
121	-0.160409	7.734441	6.374840	0.008145	6.2
122	-0.151898	8.726335	6.162127	0.014715	5.1
123	-0.149039	8.106988	6.293247	0.009261	5.9
124	-0.172053	9.103880	6.084845	0.016730	5.9
125	-0.161921	8.252919	6.261852	0.012760	5.5
126	-0.171840	9.205599	6.064354	0.019032	6.6
127	-0.161137	10.205599	5.870019	0.019796	5.5
128	-0.157352	11.205598	5.687752	0.017055	6.3
129	-0.176503	10.350278	5.842929	0.019628	5.4
130	-0.169739	9.495383	6.006727	0.013198	5.3
131	-0.141573	10.492397	5.816561	0.016826	5.6
132	-0.157077	9.642293	5.977929	0.021912	6.6
133	-0.169471	8.786965	6.149584	0.010067	5.6
134	-0.183112	9.775187	5.952115	0.013856	5.2
135	-0.157890	8.920008	6.122239	0.012945	6.1
136	-0.146420	8.087708	6.297418	0.011524	4.8
137	-0.167969	9.084969	6.088670	0.010092	6.0
138	-0.161923	8.230025	6.266757	0.017439	6.0
139	-0.166417	8.165765	6.280564	0.009531	5.2
140	-0.161620	7.310912	6.470207	0.017414	7.0
141	-0.146872	6.455585	6.671774	0.017142	9.7
142	-0.178858	7.455585	6.437311	0.014120	10.1
143	-0.168108	8.251053	6.262251	0.015762	8.3
144	-0.164092	9.244359	6.056582	0.017473	8.2
145	-0.153501	10.244358	5.862737	0.018824	7.2
146	-0.151213	11.243265	5.681107	0.014520	7.7
147	-0.168805	10.387937	5.835919	0.014460	9.7
148	-0.162435	11.387937	5.655731	0.016224	8.7
149	-0.159839	11.352713	5.661888	0.017520	8.2
150	-0.161674	10.497385	5.815640	0.013306	8.3
151	-0.162856	11.497385	5.636683	0.015649	9.3
152	-0.183483	10.642057	5.789050	0.013148	8.3
153	-0.144299	11.638185	5.612366	0.011874	8.6
154	-0.151592	10.855803	5.750207	0.013919	5.8
155	-0.162322	11.125857	5.701870	0.015617	6.0
156	-0.167459	10.271249	5.857695	0.009960	5.9
157	-0.182532	9.415967	6.022411	0.019964	6.1
158	-0.173081	10.401716	5.833358	0.011460	4.9
159	-0.157888	9.546388	5.996698	0.019170	5.8
160	-0.173511	8.951794	6.115742	0.015244	6.0
161	-0.159597	8.096466	6.295522	0.009072	6.9
162	-0.171229	7.822356	6.355395	0.021409	9.2
163	-0.165088	6.967035	6.549763	0.011499	6.8
164	-0.146437	6.111707	6.756397	0.015350	5.7
165	-0.169421	7.111149	6.516185	0.014280	6.9
166	-0.145766	6.269083	6.717404	0.007735	6.3
167	-0.166054	5.413761	6.934925	0.028438	7.4
168	-0.178774	4.558432	7.167007	0.010303	6.1
169	-0.151643	3.703121	7.415154	0.011225	5.0
170	-0.168267	3.089932	7.603901	0.017174	6.1
171	-0.190554	3.917346	7.351403	0.017320	6.2
172	-0.152819	3.096874	7.601710	0.013834	6.2
173	-0.154481	2.241546	7.881466	0.013343	6.7
174	-0.153241	3.241317	7.556415	0.010542	8.2
175	-0.168624	2.387111	7.832410	0.012871	7.8
176	-0.142445	3.387015	7.511270	0.011432	6.0
177	-0.166537	4.332656	7.230882	0.014697	7.3
178	-0.170005	3.481833	7.482179	0.020676	5.7
179	-0.166141	2.626505	7.753049	0.010540	7.4
180	-0.165363	1.771177	8.044268	0.022888	9.1
181	-0.175932	2.731306	7.718810	0.006701	6.0
182	-0.160221	1.876139	8.007359	0.015395	6.7
183	-0.146994	2.874373	7.672555	0.011234	7.0
184	-0.166339	2.019047	7.957647	0.009543	6.2
185	-0.152021	2.633305	7.750818	0.018547	6.9
186	-0.190482	1.777977	8.041867	0.016300	5.7
187	-0.153672	2.777977	7.703660	0.023761	8.5
188	-0.169453	1.925846	7.989997	0.016713	7.4
189	-0.160291	2.925846	7.656049	0.019312	7.8
190	-0.153487	3.558144	7.458929	0.010943	7.1
191	-0.151943	4.558133	7.167091	0.018579	7.5
192	-0.178342	5.547044	6.900107	0.017033	6.5
193	-0.183811	4.694470	7.129061	0.014372	7.0
194	-0.145198	3.839149	7.374546	0.016504	7.0
195	-0.157191	4.720719	7.121786	0.017001	9.4
196	-0.189036	3.870675	7.365198	0.018375	5.8
197	-0.165747	4.870675	7.080505	0.016112	7.9
198	-0.150613	5.870675	6.817002	0.012812	8.5
199	-0.155155	6.867911	6.573060	0.013996	7.2
200	-0.148655	6.014689	6.780661	0.009095	6.5
201	-0.160447	6.986954	6.545101	0.008220	7.7
202	-0.152816	7.880872	6.342518	0.006542	7.1
203	-0.175751	7.270790	6.479389	0.011093	7.3
204	-0.165185	8.254863	6.261436	0.009288	6.8
205	-0.152027	7.401416	6.449589	0.013571	6.3
206	-0.154731	7.322972	6.467452	0.007108	6.3
207	-0.166348	6.518135	6.656608	0.014647	6.0
208	-0.162837	7.397152	6.450557	0.011700	10.3
209	-0.165947	8.390860	6.232463	0.012323	5.3
210	-0.168833	8.008207	6.314677	0.018008	5.4
211	-0.164145	9.007557	6.104377	0.012478	5.2
212	-0.156984	10.007551	5.907511	0.009965	4.7
213	-0.179601	10.882374	5.745414	0.017526	4.9
214	-0.169377	10.049017	5.899622	0.017101	4.2
215	-0.171409	9.241253	6.057205	0.015863	5.6
216	-0.173373	8.385924	6.233510	0.012919	5.8
217	-0.146731	9.385924	6.028365	0.013875	5.4
218	-0.163466	8.530598	6.202971	0.008444	5.0
219	-0.173146	7.710367	6.380185	0.009476	5.9
220	-0.169248	6.861153	6.574654	0.015094	5.1
221	-0.169484	6.039414	6.774461	0.008022	5.3
222	-0.161311	7.024206	6.536401	0.004447	5.5
223	-0.163143	6.605887	6.635449	0.009621	4.3
224	-0.169380	7.022446	6.536812	0.016912	5.6
225	-0.179151	8.022394	6.311590	0.019509	4.9
226	-0.162704	7.167069	6.503249	0.012828	4.7
227	-0.162464	8.166998	6.280298	0.006078	4.9
228	-0.148277	8.928009	6.120603	0.014355	7.1
229	-0.165112	8.076742	6.299793	0.010521	6.3
230	-0.151209	9.044074	6.096958	0.013607	7.2
231	-0.159864	10.044026	5.900570	0.023296	5.4
232	-0.152804	9.191217	6.067243	0.026307	6.2
233	-0.153795	8.335888	6.244142	0.012901	8.3
234	-0.186858	9.335888	6.038308	0.014175	6.1
235	-0.163407	8.480587	6.213494	0.017948	7.1
236	-0.165911	7.641734	6.395473	0.011242	4.2
237	-0.164241	6.786406	6.592341	0.016876	3.9
238	-0.170632	5.931078	6.801713	0.015778	5.0
239	-0.148215	5.075750	7.024820	0.014510	3.5
240	-0.166341	6.075326	6.765475	0.019889	3.4
241	-0.176595	5.238425	6.981267	0.013003	4.6
242	-0.167564	5.929959	6.801995	0.011794	6.0
243	-0.152203	6.587186	6.639947	0.012248	6.3
244	-0.166893	7.587162	6.407682	0.016623	6.3
245	-0.172598	7.086559	6.521890	0.024560	5.8
246	-0.174150	8.086559	6.297667	0.021178	5.3
247	-0.155038	7.242936	6.485779	0.014369	6.9
248	-0.156608	8.242936	6.263990	0.013975	5.1
249	-0.147411	9.203715	6.064732	0.027271	7.4
250	-0.157764	8.355653	6.239938	0.006351	6.5
251	-0.174111	9.306749	6.044114	0.016391	8.5
252	-0.167691	9.742572	5.958430	0.016161	6.8
253	-0.160499	8.887796	6.128838	0.015135	6.5
254	-0.177938	8.037014	6.308412	0.020279	7.2
255	-0.162592	9.009591	6.103964	0.017374	5.9
256	-0.147794	10.009591	5.907122	0.013762	7.3
257	-0.160064	11.009591	5.722580	0.006313	6.4
258	-0.168984	11.381412	5.656870	0.025999	6.2
259	-0.148442	10.528896	5.809828	0.009954	5.6
260	-0.136320	9.673568	5.971834	0.007859	6.0
261	-0.180048	8.820219	6.142727	0.007986	7.9
262	-0.175340	9.727222	5.961406	0.023068	6.0
263	-0.150641	8.871979	6.132083	0.008491	6.6
264	-0.164275	8.016991	6.312765	0.009570	7.4
265	-0.158512	7.972175	6.322530	0.010286	5.2
266	-0.176534	7.116856	6.514862	0.025878	7.7
267	-0.179872	8.116856	6.291114	0.015499	5.6
268	-0.169724	7.262694	6.481245	0.012655	8.4
269	-0.151081	6.407366	6.683512	0.024021	6.5
270	-0.167663	7.407366	6.448238	0.019816	6.4
271	-0.150259	6.552038	6.648417	0.015227	6.5
272	-0.165660	6.337291	6.700644	0.016622	8.3
273	-0.162215	5.481963	6.917065	0.015730	6.2
274	-0.183588	6.481963	6.665370	0.019974	6.6
275	-0.185813	7.481963	6.431349	0.016258	7.6
276	-0.167113	8.481963	6.213204	0.018349	6.5
277	-0.171331	7.626634	6.398847	0.015052	8.2
278	-0.149526	6.778676	6.594175	0.007957	6.9
279	-0.179746	6.964093	6.550452	0.011610	6.2
280	-0.160678	6.133521	6.750965	0.023488	6.1
281	-0.161334	5.278193	6.970702	0.007062	6.5
282	-0.177612	6.168694	6.742225	0.025783	8.3
283	-0.171783	5.316786	6.960480	0.016853	5.4
284	-0.166335	6.316786	6.705674	0.019358	8.3
285	-0.155048	7.316786	6.468865	0.014869	5.9
286	-0.163417	6.461459	6.670347	0.019607	7.1
287	-0.176697	5.608199	6.884248	0.009731	6.5
288	-0.179901	6.608199	6.634893	0.013560	7.2
289	-0.152247	7.268186	6.479986	0.013805	6.2
290	-0.163568	8.249236	6.262641	0.020508	6.0
291	-0.146370	9.249236	6.055606	0.018740	7.3
292	-0.178000	10.249236	5.861822	0.009373	6.9
293	-0.160818	9.399882	6.025597	0.008842	6.2
294	-0.170628	10.395927	5.834434	0.011301	7.1
295	-0.174609	11.019034	5.720893	0.020416	4.8
296	-0.174829	10.163726	5.877906	0.012431	7.4
297	-0.145923	9.415246	6.022554	0.012012	6.3
298	-0.165037	9.153594	6.074813	0.023246	7.5
299	-0.161267	8.828133	6.141097	0.008957	6.1
300	-0.154880	8.659108	6.176094	0.010427	6.8
301	-0.153146	7.803919	6.359463	0.024561	8.1
302	-0.158721	7.012629	6.539103	0.016358	5.5
303	-0.171995	6.157301	6.745054	0.014093	6.7
304	-0.166927	7.157301	6.505505	0.012221	7.4
305	-0.154240	8.154577	6.282974	0.009895	7.0
306	-0.164082	7.300465	6.472595	0.012683	6.2
307	-0.166098	6.445138	6.674313	0.014560	5.3
308	-0.162804	7.445138	6.439675	0.010554	7.8
309	-0.181394	8.384736	6.233762	0.011542	6.7
310	-0.165473	7.549600	6.416113	0.005435	5.7
311	-0.160564	6.756250	6.599503	0.019079	5.7
312	-0.156100	7.754260	6.370446	0.020057	8.6
313	-0.165957	6.899138	6.565703	0.011613	7.6
314	-0.166568	7.899138	6.338509	0.006362	7.7
315	-0.152736	7.047011	6.531086	0.021530	6.2
316	-0.164302	6.193466	6.736083	0.008526	6.8
317	-0.181386	7.193435	6.497167	0.021303	7.6
318	-0.163002	6.338249	6.700409	0.017321	7.5
319	-0.172000	5.483460	6.916674	0.008734	7.2
320	-0.170420	5.886200	6.813066	0.011570	7.8
321	-0.172813	5.030889	7.036927	0.016348	7.3
322	-0.163482	6.022306	6.778750	0.014503	6.9
323	-0.166373	7.022264	6.536854	0.014918	8.0
324	-0.167947	8.016397	6.312894	0.022590	7.0
325	-0.164194	7.161070	6.504634	0.011276	7.3
326	-0.171084	8.161069	6.281575	0.013809	7.1
327	-0.166920	9.157798	6.073966	0.008835	7.9
328	-0.172930	10.142786	5.881858	0.015647	5.9
329	-0.172971	11.140419	5.699286	0.024245	8.2
330	-0.158735	10.285128	5.855097	0.015816	6.2
331	-0.163429	9.429800	6.019673	0.012256	7.0
332	-0.155342	8.576128	6.193422	0.013645	7.1
333	-0.168724	9.569316	5.992200	0.012640	6.8
334	-0.165709	8.732439	6.160862	0.021466	7.0
335	-0.158561	9.732438	5.960394	0.014123	6.1
336	-0.171954	10.583724	5.799742	0.016531	6.3
337	-0.161371	9.733323	5.960223	0.010907	6.8
338	-0.174929	10.732407	5.772567	0.031860	6.7
339	-0.159486	11.732407	5.596211	0.011619	6.7
340	-0.157930	10.877079	5.746369	0.008986	6.0
341	-0.162991	10.023594	5.904456	0.018040	7.1
342	-0.169012	9.704270	5.965862	0.015613	5.9
343	-0.130968	10.704270	5.777690	0.015304	5.2
344	-0.160741	11.565913	5.624822	0.012815	7.0
345	-0.167880	10.710593	5.776538	0.011752	6.2
346	-0.157906	11.702456	5.601336	0.011212	6.6
347	-0.167318	10.847276	5.751746	0.022320	7.3
348	-0.180863	9.996372	5.909642	0.023197	7.6
349	-0.171181	10.996372	5.724944	0.016830	5.6
350	-0.154128	11.996372	5.551442	0.012734	5.1
351	-0.168234	12.995517	5.388283	0.012312	6.2
352	-0.188586	13.960074	5.239618	0.017737	6.5
353	-0.174207	14.870301	5.106661	0.011424	8.3
354	-0.153568	15.869995	4.968199	0.007304	6.9
355	-0.173243	15.061946	5.079522	0.010185	5.4
356	-0.161596	16.047764	4.944359	0.017428	5.0
357	-0.152515	17.007181	4.819548	0.016982	5.3
358	-0.164174	18.007181	4.695993	0.016325	4.5
359	-0.156295	19.007179	4.578615	0.008589	6.8
360	-0.149332	19.976901	4.470261	0.018480	4.6
361	-0.147542	20.677143	4.395154	0.007755	4.4
362	-0.161366	19.823027	4.487111	0.013386	5.6
363	-0.169754	18.974346	4.582375	0.010697	5.6
364	-0.158108	19.974345	4.470540	0.015928	4.6
365	-0.163360	20.974345	4.364034	0.015341	5.2
366	-0.161095	20.119018	4.454811	0.021089	5.1
367	-0.156464	19.263689	4.549445	0.015633	5.3
368	-0.159637	20.263689	4.439192	0.015872	6.5
369	-0.141480	19.441209	4.529475	0.013255	4.5
370	-0.175579	20.262215	4.439351	0.016389	4.3
371	-0.132195	20.929485	4.368703	0.017765	4.9
372	-0.159995	21.929485	4.266938	0.009465	4.7
373	-0.156227	21.090117	4.352030	0.009337	4.5
374	-0.156118	21.745782	4.285275	0.014261	8.2
375	-0.155685	20.918642	4.369833	0.015949	6.9
376	-0.150811	20.063320	4.460853	0.016553	8.6
377	-0.171332	19.208019	4.555744	0.015681	6.3
378	-0.163118	20.189652	4.447172	0.019752	8.6
379	-0.162180	20.721700	4.390460	0.020539	6.2
380	-0.154435	19.866372	4.482352	0.010409	7.0
381	-0.184611	19.011044	4.578172	0.011146	6.3
382	-0.162070	19.691226	4.501645	0.010931	6.8
383	-0.158292	18.974068	4.582407	0.012177	8.2
384	-0.161007	18.160799	4.677572	0.013009	6.0
385	-0.176970	17.961930	4.701447	0.011820	7.4
386	-0.164832	18.961929	4.583799	0.016081	6.6
387	-0.155029	18.106601	4.684055	0.012505	6.7
388	-0.169664	17.251282	4.788793	0.016860	7.8
389	-0.167221	16.395954	4.898323	0.020437	5.9
390	-0.179042	17.395954	4.770749	0.010099	7.5
391	-0.170141	18.394432	4.649831	0.009505	6.5
392	-0.173744	18.146285	4.679306	0.016405	6.8
393	-0.154380	17.290957	4.783831	0.025260	5.8
394	-0.171586	16.879941	4.835738	0.019948	6.0
395	-0.178304	17.720511	4.730760	0.012300	7.2
396	-0.162279	17.363078	4.774837	0.025279	6.2
397	-0.177651	16.507750	4.883723	0.014469	7.1
398	-0.156345	17.501392	4.757684	0.014363	5.9
399	-0.158615	17.262824	4.787348	0.011413	5.2
400	-0.163700	16.409806	4.896509	0.010174	6.6
401	-0.159721	16.125990	4.933941	0.015899	5.6
402	-0.154334	15.272397	5.050051	0.017513	7.6
403	-0.154937	14.417111	5.172004	0.014216	6.7
404	-0.158238	13.729109	5.274464	0.009222	6.6
405	-0.184121	12.874007	5.407611	0.014679	6.8
406	-0.178016	12.583991	5.454309	0.010657	6.5
407	-0.183253	11.728663	5.596851	0.018518	7.1
408	-0.160948	11.423562	5.649517	0.020367	5.7
409	-0.185688	12.011748	5.548856	0.013867	6.4
410	-0.176210	12.978273	5.391017	0.015694	6.9
411	-0.173805	12.166238	5.523010	0.008347	8.0
412	-0.154671	11.310912	5.669213	0.016941	7.4
413	-0.154066	12.310307	5.499122	0.013740	8.3
414	-0.153015	12.688527	5.437384	0.013750	5.1
415	-0.145358	13.686643	5.280922	0.024732	7.1
416	-0.150656	12.831315	5.414435	0.017795	7.4
417	-0.165528	13.831315	5.258987	0.014930	6.6
418	-0.165772	14.830588	5.112321	0.013462	7.9
419	-0.168800	14.991927	5.089404	0.014478	6.3
420	-0.148827	15.991927	4.951822	0.011837	9.0
421	-0.154184	16.991927	4.821484	0.008990	6.9
422	-0.169943	16.141173	4.931924	0.019146	8.0
423	-0.167810	17.141143	4.802621	0.009484	6.1
424	-0.167748	18.124170	4.681951	0.007967	7.7
425	-0.153970	17.374962	4.773358	0.012407	5.4
426	-0.149686	18.209581	4.671752	0.010603	8.5
427	-0.169158	18.292453	4.661899	0.014556	9.2
428	-0.179152	17.733163	4.729215	0.012264	7.9
429	-0.153875	18.733136	4.610194	0.006249	8.6
430	-0.183548	18.065638	4.688966	0.013293	9.0
431	-0.164189	19.065052	4.572001	0.010086	6.8
432	-0.154876	19.818057	4.487657	0.013275	6.1
433	-0.166613	18.963644	4.583602	0.007978	7.5
434	-0.134730	19.436335	4.530021	0.012020	7.4
435	-0.158428	18.765037	4.606495	0.010298	8.5
436	-0.159115	19.743088	4.495915	0.009876	6.0
437	-0.154137	20.555942	4.407973	0.018563	9.0
438	-0.164337	21.555934	4.304393	0.016513	7.6
439	-0.165000	22.555934	4.205568	0.009025	6.9
440	-0.167714	23.555934	4.111180	0.014902	5.5
441	-0.170203	24.549315	4.021519	0.019666	7.5
442	-0.181394	23.693986	4.098481	0.010407	6.8
443	-0.166896	22.838693	4.178442	0.011250	7.4
444	-0.182116	23.710613	4.096957	0.015621	5.3
445	-0.164011	22.855285	4.176862	0.011812	6.9
446	-0.179037	23.797635	4.088998	0.016345	7.5
447	-0.163052	22.942307	4.168590	0.013097	6.9
448	-0.152204	22.086979	4.251341	0.013541	6.8
449	-0.165980	21.234389	4.337164	0.014705	6.5
450	-0.160536	22.234389	4.236846	0.016706	8.4
451	-0.156015	23.234362	4.141067	0.012145	6.5
452	-0.159689	22.379119	4.222710	0.019448	7.1
453	-0.153411	23.379096	4.127562	0.016664	6.0
454	-0.173358	22.523776	4.208676	0.010504	10.5
455	-0.165971	21.687985	4.291078	0.014143	7.0
456	-0.171413	22.687984	4.192857	0.015732	7.5
457	-0.156680	23.594851	4.107592	0.011886	7.0
458	-0.163237	24.592208	4.017736	0.007135	6.6
459	-0.165206	24.883012	3.992272	0.010261	5.7
460	-0.165734	24.939917	3.987327	0.018030	5.9
461	-0.157876	25.939886	3.902384	0.010324	6.3
462	-0.143034	25.322164	3.954423	0.009901	6.5
463	-0.179459	26.322109	3.870864	0.013025	5.8
464	-0.152871	25.466781	3.942116	0.015664	7.9
465	-0.160880	26.466743	3.859069	0.013972	10.1
466	-0.167672	27.465957	3.779508	0.009512	6.1
467	-0.161027	27.992101	3.738918	0.016953	6.1
468	-0.166116	28.990356	3.664256	0.024199	6.5
469	-0.170010	28.224857	3.721239	0.014183	6.1
470	-0.167320	27.369616	3.787035	0.016324	5.9
471	-0.164186	27.982495	3.739651	0.013734	6.7
472	-0.161420	27.252681	3.796213	0.013572	6.1
473	-0.173546	26.437906	3.861415	0.022093	7.5
474	-0.157518	27.437905	3.781696	0.013976	6.1
475	-0.170991	27.044890	3.812631	0.014040	7.3
476	-0.182962	26.192153	3.881524	0.023769	7.4
477	-0.162139	25.373515	3.950045	0.018901	6.7
478	-0.165296	26.373515	3.866664	0.013947	6.7
479	-0.168842	27.373515	3.786730	0.017835	5.6
480	-0.147532	26.518186	3.854891	0.015817	9.5
481	-0.174721	27.513922	3.775771	0.011529	9.1
482	-0.174375	28.378089	3.709691	0.008133	10.0
483	-0.166858	27.648647	3.765314	0.015928	8.3
484	-0.184371	26.985726	3.817332	0.015281	5.6
485	-0.162766	27.983082	3.739607	0.011907	7.3
486	-0.165128	27.675143	3.763265	0.013384	7.4
487	-0.166166	27.268168	3.794995	0.016122	5.8
488	-0.194454	28.268152	3.717969	0.009829	6.6
489	-0.150061	29.268059	3.644013	0.011678	6.9
490	-0.168882	28.459661	3.703573	0.010235	7.2
491	-0.155564	29.457471	3.630334	0.013159	7.2
492	-0.178889	28.603225	3.692854	0.014236	10.6
493	-0.180689	29.603222	3.619877	0.009882	9.5
494	-0.163454	30.593163	3.550421	0.016449	7.3
495	-0.154440	30.335157	3.568265	0.016941	6.7
496	-0.149409	31.335016	3.500094	0.019230	9.3
497	-0.156817	32.335016	3.434469	0.012239	14.8
498	-0.175340	31.480778	3.490372	0.019256	8.0
499	-0.183436	31.673264	3.477617	0.015817	7.2
