1:ItNr	2:Metric	3a:Time	3b:StepSize	4:||Gradient||	Time[ms]
0	-0.077307	0.000000	7.799614	0.015629	700.5
1	-0.069367	0.000000	7.799614	0.019808	13.0
2	-0.069893	0.119529	7.755471	0.012043	7.9
3	-0.061430	0.075867	7.771537	0.016087	7.2
4	-0.072985	0.000000	7.799614	0.012128	6.8
5	-0.051318	1.000000	7.445086	0.008813	10.3
6	-0.069760	1.999342	7.121590	0.024434	9.5
7	-0.079023	1.073807	7.420192	0.014726	5.4
8	-0.071645	2.073807	7.098607	0.011828	6.4
9	-0.073096	1.148281	7.395241	0.021492	3.2
10	-0.076369	0.222746	7.717752	0.011463	4.5
11	-0.072987	1.202811	7.377079	0.017169	5.3
12	-0.073686	0.277276	7.697972	0.004840	4.5
13	-0.078666	0.000000	7.799614	0.024902	4.4
14	-0.063829	0.000000	7.799614	0.009606	4.0
15	-0.070707	0.000000	7.799614	0.016955	4.7
16	-0.082535	0.000000	7.799614	0.013259	4.4
17	-0.064574	0.000000	7.799614	0.011568	3.9
18	-0.052784	0.000000	7.799614	0.016263	4.7
19	-0.079324	0.999999	7.445086	0.024080	5.2
20	-0.078142	0.074464	7.772055	0.007790	3.2
21	-0.062958	0.000000	7.799614	0.012975	4.9
22	-0.062685	0.994924	7.446804	0.013085	4.8
23	-0.067177	0.069388	7.773927	0.024736	5.7
24	-0.070766	0.000000	7.799614	0.008876	4.6
25	-0.070681	1.000000	7.445086	0.014591	5.0
26	-0.073181	1.999999	7.121387	0.026045	4.1
27	-0.068454	2.999999	6.824662	0.016254	5.1
28	-0.079420	3.999999	6.551676	0.011623	5.6
29	-0.071583	4.999999	6.299688	0.019804	6.0
30	-0.059962	4.074464	6.532219	0.013177	4.6
31	-0.086274	5.074464	6.281697	0.012832	7.2
32	-0.079142	4.149064	6.512842	0.013255	8.4
33	-0.058650	3.223604	6.761665	0.007341	8.0
34	-0.075505	2.300382	7.029579	0.016975	6.6
35	-0.062921	3.300372	6.740304	0.013425	7.4
36	-0.080460	4.250788	6.486605	0.014968	14.7
37	-0.073692	5.145585	6.264610	0.007032	9.4
38	-0.067438	6.145579	6.033833	0.007468	7.0
39	-0.075376	7.024027	5.844695	0.018244	8.8
40	-0.071303	8.023985	5.643329	0.013158	9.4
41	-0.083166	9.003125	5.459161	0.015881	11.2
42	-0.066696	10.002725	5.283145	0.013209	5.8
43	-0.071909	9.077212	5.445714	0.011912	8.5
44	-0.069356	8.151679	5.618609	0.024216	8.6
45	-0.061689	7.226144	5.802843	0.022375	8.6
46	-0.068470	6.300609	5.999569	0.020237	4.3
47	-0.081531	5.375074	6.210102	0.008073	8.4
48	-0.062738	4.453177	6.435027	0.014838	5.1
49	-0.073503	5.374302	6.210283	0.028706	7.4
50	-0.081651	6.373024	5.983697	0.017109	7.1
51	-0.077111	5.447489	6.193098	0.016440	8.9
52	-0.064780	4.521954	6.417686	0.012349	12.9
53	-0.078560	3.596423	6.659175	0.015603	5.0
54	-0.070998	2.670889	6.919549	0.017613	6.1
55	-0.072209	1.745398	7.201100	0.014373	10.2
56	-0.068330	0.819863	7.506550	0.006131	8.0
57	-0.067147	1.766418	7.194451	0.016986	8.2
58	-0.061413	2.695651	6.912318	0.013891	5.1
59	-0.073887	1.770116	7.193283	0.008270	8.3
60	-0.060048	0.844594	7.498051	0.016006	5.6
61	-0.065232	1.771633	7.192804	0.013433	7.4
62	-0.073552	0.905082	7.477346	0.023339	4.6
63	-0.069914	0.000000	7.799614	0.016372	6.0
64	-0.073642	0.000000	7.799614	0.015506	6.3
65	-0.082600	1.000000	7.445086	0.010865	4.4
66	-0.074745	0.074465	7.772054	0.009285	6.4
67	-0.080843	0.000000	7.799614	0.028399	5.2
68	-0.074100	1.000000	7.445086	0.015063	5.2
69	-0.064881	2.000000	7.121386	0.013946	5.2
70	-0.080888	2.999775	6.824726	0.010190	7.2
71	-0.065226	2.074242	7.098473	0.024429	5.2
72	-0.075789	3.047448	6.811196	0.022431	5.6
73	-0.094686	2.121917	7.083837	0.013268	5.8
74	-0.067335	1.209962	7.374704	0.013697	6.2
75	-0.077120	1.756865	7.197471	0.013517	5.5
76	-0.076771	2.755325	6.894954	0.012855	5.7
77	-0.070855	3.755307	6.616435	0.008400	5.0
78	-0.082258	4.710289	6.370675	0.013649	6.1
79	-0.073932	5.710289	6.132165	0.018544	5.3
80	-0.072854	6.710289	5.910869	0.014691	5.3
81	-0.076127	5.784754	6.115116	0.026848	5.3
82	-0.079540	6.784753	5.895028	0.031176	4.5
83	-0.055893	5.859218	6.098163	0.011378	6.7
84	-0.066736	4.933683	6.315797	0.022190	4.8
85	-0.071105	4.008148	6.549541	0.016858	5.9
86	-0.061957	5.008148	6.297714	0.003094	5.6
87	-0.068048	4.127350	6.518470	0.013449	5.7
88	-0.065181	5.069895	6.282798	0.009474	6.3
89	-0.073412	5.894539	6.090154	0.008293	5.0
90	-0.067837	4.970104	6.306940	0.012420	4.8
91	-0.073553	5.968917	6.073358	0.013679	5.5
92	-0.072384	6.968902	5.856214	0.011157	5.8
93	-0.066641	7.846187	5.678112	0.016827	5.1
94	-0.081118	8.846187	5.487866	0.008491	5.1
95	-0.075767	8.017760	5.644539	0.012161	6.2
96	-0.081512	7.092710	5.830405	0.019205	5.3
97	-0.066372	6.169594	6.028499	0.009065	5.4
98	-0.097610	5.292279	6.229657	0.017445	6.1
99	-0.058976	6.292275	6.001401	0.011178	5.7
100	-0.073779	5.369938	6.211311	0.010099	6.5
101	-0.076638	6.369919	5.984376	0.014133	5.7
102	-0.067447	5.444881	6.193709	0.015418	6.0
103	-0.075028	6.444880	5.968031	0.019154	5.7
104	-0.077110	7.437894	5.759635	0.009477	5.5
105	-0.076557	8.437894	5.563981	0.010025	6.2
106	-0.076330	9.432871	5.382071	0.017370	7.6
107	-0.061684	8.507374	5.550880	0.014081	6.4
108	-0.081119	8.168330	5.615402	0.020736	6.5
109	-0.075926	9.132385	5.435742	0.004110	5.5
110	-0.062835	8.208072	5.607761	0.014044	6.4
111	-0.066854	7.696432	5.707744	0.019302	5.5
112	-0.072767	6.770897	5.897969	0.015765	6.5
113	-0.073699	7.770869	5.692977	0.012040	6.7
114	-0.066861	8.768321	5.502221	0.006962	5.0
115	-0.072407	7.891408	5.669225	0.021027	8.0
116	-0.072808	8.891408	5.479564	0.018007	6.0
117	-0.064850	9.891408	5.302182	0.013501	6.2
118	-0.067991	10.891401	5.135926	0.017028	5.7
119	-0.069137	11.891302	4.979793	0.009455	6.8
120	-0.068989	12.197130	4.933917	0.008293	6.5
121	-0.078308	13.130543	4.798983	0.009856	6.3
122	-0.077334	12.530923	4.884801	0.005127	6.3
123	-0.073886	13.527020	4.743875	0.023528	6.0
124	-0.065410	14.527019	4.610347	0.009383	5.4
125	-0.073800	15.527019	4.484129	0.009079	4.4
126	-0.085753	14.671217	4.591710	0.016782	7.8
127	-0.074203	13.745682	4.714021	0.021231	5.5
128	-0.069169	14.745682	4.582145	0.015721	7.3
129	-0.071044	15.418923	4.497439	0.007454	6.1
130	-0.074762	16.380199	4.381782	0.011919	6.8
131	-0.063976	17.230777	4.284294	0.007490	4.6
132	-0.071373	16.305276	4.390582	0.013955	5.6
133	-0.077692	17.265203	4.280439	0.014476	5.8
134	-0.065616	18.265195	4.171427	0.014868	5.6
135	-0.075431	17.339660	4.272127	0.016403	6.2
136	-0.081629	18.339660	4.163531	0.010634	6.4
137	-0.063215	17.414125	4.263845	0.010011	5.0
138	-0.068164	16.488778	4.369091	0.014531	5.1
139	-0.076610	17.179124	4.290090	0.009589	8.3
140	-0.082176	16.253601	4.396673	0.013947	4.7
141	-0.065871	17.217561	4.285775	0.012520	4.7
142	-0.068293	18.173520	4.181189	0.016345	4.1
143	-0.072968	19.113715	4.083189	0.012793	3.7
144	-0.071256	19.814347	4.013096	0.017526	4.0
145	-0.085475	20.814347	3.917122	0.012178	3.4
146	-0.078852	21.813633	3.825695	0.008653	3.8
147	-0.067739	22.091754	3.801003	0.011655	5.8
148	-0.071657	21.166224	3.884433	0.014031	6.9
149	-0.077752	22.166222	3.794446	0.013562	6.1
150	-0.074607	23.166222	3.708533	0.016672	5.9
151	-0.071274	22.240756	3.787905	0.017966	5.6
152	-0.072859	21.315221	3.870756	0.012118	5.6
153	-0.084637	20.389685	3.957312	0.013799	6.0
154	-0.086603	19.498874	4.044357	0.015649	5.8
155	-0.076299	20.489322	3.947808	0.027781	5.8
156	-0.073256	19.872575	4.007379	0.024516	6.4
157	-0.075205	18.947040	4.100226	0.006523	5.6
158	-0.068295	18.147843	4.183931	0.013117	5.9
159	-0.076198	19.147453	4.079758	0.021274	6.2
160	-0.062641	20.147453	3.980608	0.013794	5.6
161	-0.065366	21.147453	3.886163	0.020804	6.0
162	-0.064523	20.221918	3.973417	0.016864	7.2
163	-0.071934	19.296383	4.064680	0.017363	6.0
164	-0.065822	18.520303	4.144500	0.009530	7.2
165	-0.067465	18.815341	4.113788	0.010617	4.7
166	-0.099382	17.891264	4.211534	0.019368	7.4
167	-0.062189	16.965729	4.314204	0.022071	5.6
168	-0.068310	17.965729	4.203486	0.021988	5.1
169	-0.066314	18.965729	4.098308	0.016563	4.8
170	-0.072511	18.040363	4.195450	0.006717	4.8
171	-0.073209	19.037740	4.090937	0.011703	5.8
172	-0.067589	20.036520	3.991369	0.012101	5.6
173	-0.073458	19.110985	4.083467	0.014455	5.6
174	-0.072678	20.110985	3.984139	0.013280	5.4
175	-0.073817	19.577601	4.036510	0.015290	6.1
176	-0.062024	20.577601	3.939426	0.012693	5.6
177	-0.072169	21.577436	3.846918	0.024769	6.7
178	-0.075896	22.486141	3.766531	0.015093	6.4
179	-0.080817	21.560606	3.848439	0.006986	4.8
180	-0.066636	20.681218	3.929633	0.012312	7.3
181	-0.067727	21.492515	3.854606	0.018213	5.5
182	-0.072489	20.567013	3.940429	0.016298	5.8
183	-0.068143	21.493307	3.854534	0.018425	6.5
184	-0.087028	20.567772	3.940358	0.013728	5.6
185	-0.065203	21.567772	3.847791	0.012312	7.1
186	-0.079049	20.771426	3.921147	0.010056	5.4
187	-0.072299	21.395873	3.863392	0.009897	6.8
188	-0.070119	22.395768	3.774375	0.012774	6.6
189	-0.072695	21.484521	3.855331	0.009060	7.6
190	-0.076349	22.415964	3.772619	0.006053	5.2
191	-0.062020	21.638161	3.841439	0.013670	5.5
192	-0.069096	22.634824	3.753697	0.005219	5.9
193	-0.053301	21.709811	3.834994	0.020473	6.8
194	-0.083454	22.709584	3.747276	0.012275	4.6
195	-0.063472	23.697150	3.664482	0.014787	7.9
196	-0.067182	24.696921	3.584309	0.008301	6.3
197	-0.065584	25.673554	3.509308	0.022591	6.5
198	-0.070835	25.852861	3.495878	0.012247	6.8
199	-0.073707	26.852859	3.422823	0.015082	4.7
200	-0.063767	25.927324	3.490331	0.019313	5.9
201	-0.072365	26.927324	3.417505	0.012634	4.8
202	-0.086123	26.001789	3.484801	0.009543	3.6
203	-0.078878	26.961676	3.415058	0.013946	5.0
204	-0.074613	27.961353	3.345330	0.024373	5.2
205	-0.060098	28.961353	3.278372	0.014255	4.3
206	-0.071539	29.961353	3.214041	0.014661	3.7
207	-0.076534	29.039856	3.273229	0.008437	4.7
208	-0.070013	29.573150	3.238712	0.010294	4.3
209	-0.072254	30.573090	3.175918	0.017285	3.9
210	-0.079978	31.572822	3.115524	0.008630	4.4
211	-0.063258	30.647287	3.171355	0.011934	5.0
212	-0.066105	31.498475	3.119936	0.008348	4.1
213	-0.078147	32.465755	3.063491	0.018257	3.8
214	-0.081555	33.465755	3.007245	0.016732	5.8
215	-0.082467	32.540220	3.059231	0.031957	3.9
216	-0.071947	31.614685	3.113045	0.012051	4.2
217	-0.070746	32.605131	3.055526	0.009200	4.7
218	-0.067991	32.128980	3.082910	0.016447	5.0
219	-0.072429	33.128622	3.025975	0.009742	3.7
220	-0.068914	33.419393	3.009807	0.010122	4.1
221	-0.069716	34.413329	2.955821	0.015792	5.8
222	-0.074196	35.260668	2.911304	0.018951	4.2
223	-0.078924	36.260668	2.860461	0.018717	3.8
224	-0.078467	35.335142	2.907455	0.011908	4.9
225	-0.072665	36.335142	2.856745	0.020971	4.3
226	-0.077765	35.409607	2.903617	0.011380	6.6
227	-0.070506	36.409607	2.853040	0.017423	5.6
228	-0.069229	37.295289	2.809693	0.013913	6.3
229	-0.074896	38.295279	2.762309	0.004808	5.4
230	-0.077692	39.293579	2.716573	0.008519	5.2
231	-0.076268	38.577167	2.749239	0.013281	4.9
232	-0.063973	39.574480	2.703975	0.018476	4.0
233	-0.070014	40.574480	2.660061	0.021186	6.4
234	-0.085955	41.574480	2.617551	0.023552	4.7
235	-0.082762	42.574480	2.576378	0.017899	4.5
236	-0.073147	41.648945	2.614440	0.011846	5.2
237	-0.070014	40.726016	2.653531	0.007475	4.2
238	-0.077033	41.717532	2.611581	0.009690	5.3
239	-0.070781	40.798264	2.650429	0.019690	6.7
240	-0.057274	39.872729	2.690727	0.008211	4.7
241	-0.057763	40.872729	2.647239	0.015166	4.6
242	-0.070750	40.563753	2.660525	0.009011	5.6
243	-0.073757	41.563743	2.618000	0.019228	5.7
244	-0.070796	41.161412	2.634945	0.005368	4.7
245	-0.081113	41.345777	2.627153	0.009509	5.3
246	-0.067289	41.716935	2.611605	0.007396	5.2
247	-0.064774	42.612933	2.574821	0.014634	4.3
248	-0.077930	43.522991	2.538504	0.023669	5.1
249	-0.073044	44.522991	2.499762	0.014071	5.5
250	-0.088436	45.522725	2.462194	0.018166	3.5
251	-0.061910	46.522662	2.425732	0.008695	4.3
252	-0.078374	47.522422	2.390340	0.009307	5.6
253	-0.058619	47.118521	2.404513	0.024300	4.1
254	-0.066413	48.118491	2.369726	0.013904	4.2
255	-0.073835	47.193058	2.401885	0.019919	4.5
256	-0.079542	46.267523	2.434933	0.019148	4.6
257	-0.081205	47.267373	2.399270	0.018732	3.7
258	-0.075238	46.341839	2.432246	0.021326	5.3
259	-0.077217	47.341839	2.396656	0.031110	5.6
260	-0.073817	46.416304	2.429559	0.017201	4.5
261	-0.078346	47.416303	2.394048	0.025248	6.2
262	-0.078201	48.416270	2.359560	0.015691	4.6
263	-0.074371	47.490735	2.391446	0.008178	5.0
264	-0.064444	48.490630	2.357036	0.005672	5.0
265	-0.064559	47.851992	2.378898	0.022780	4.7
266	-0.068419	48.833206	2.345473	0.010376	4.0
267	-0.077072	49.831098	2.312429	0.009474	4.9
268	-0.071741	49.656937	2.318129	0.016110	5.1
269	-0.076602	48.731402	2.348897	0.009482	4.7
270	-0.070732	49.731395	2.315689	0.006924	3.9
271	-0.091220	49.351419	2.328196	0.016504	5.6
272	-0.068952	49.711430	2.316342	0.009226	4.3
273	-0.070666	48.805035	2.346419	0.013432	5.3
274	-0.067794	47.886515	2.377706	0.017746	5.0
275	-0.072710	46.960980	2.410087	0.012622	4.1
276	-0.078853	47.957493	2.375259	0.011650	4.5
277	-0.076931	48.957493	2.341306	0.018818	6.5
278	-0.075765	49.957493	2.308310	0.015279	4.8
279	-0.066364	49.077141	2.337308	0.021597	5.6
280	-0.055443	50.077141	2.304424	0.011935	5.8
281	-0.071407	51.077132	2.272453	0.011250	5.0
282	-0.075039	52.077132	2.241356	0.018800	5.2
283	-0.086106	53.065245	2.211454	0.019515	5.4
284	-0.074985	52.417680	2.230960	0.014342	4.9
285	-0.080172	53.416998	2.201001	0.013656	4.7
286	-0.072964	54.383266	2.172788	0.011738	4.7
287	-0.076565	55.381751	2.144385	0.015901	5.1
288	-0.075243	56.293007	2.119104	0.024125	4.8
289	-0.068131	55.367472	2.144786	0.005874	5.0
290	-0.063369	56.355920	2.117380	0.017279	5.7
291	-0.086310	57.349346	2.090533	0.015118	4.3
292	-0.070883	58.349346	2.064187	0.018903	5.0
293	-0.069804	59.349345	2.038497	0.013326	6.6
294	-0.072725	60.349345	2.013438	0.009475	4.6
295	-0.066442	61.348921	1.988999	0.018579	8.5
296	-0.068883	60.564474	2.008128	0.013521	5.9
297	-0.073691	59.638939	2.031176	0.012063	7.4
298	-0.069608	58.720335	2.054581	0.019597	7.3
299	-0.076572	59.720335	2.029128	0.010521	7.6
300	-0.070403	60.720335	2.004298	0.012500	5.5
301	-0.061081	59.795523	2.027240	0.009847	7.3
302	-0.083119	58.872124	2.050676	0.009500	8.0
303	-0.062534	57.967148	2.074178	0.013258	5.1
304	-0.079653	58.927624	2.049253	0.019804	7.5
305	-0.070931	58.011031	2.073026	0.022555	5.5
306	-0.064219	59.011031	2.047116	0.011969	7.4
307	-0.067190	59.955791	2.023226	0.007014	5.9
308	-0.081022	59.033941	2.046530	0.014549	15.8
309	-0.068152	60.032909	2.021301	0.018195	6.8
310	-0.064904	60.902779	1.999833	0.010211	6.3
311	-0.074426	59.977550	2.022683	0.008096	4.9
312	-0.060409	59.187152	2.042620	0.008073	3.9
313	-0.071335	58.859647	2.050997	0.018982	6.0
314	-0.070615	59.572703	2.032846	0.010603	4.7
315	-0.078664	60.563394	2.008154	0.020884	7.2
316	-0.065261	59.640033	2.031149	0.017635	6.0
317	-0.077158	60.456594	2.010787	0.018125	4.5
318	-0.075772	59.531059	2.033897	0.018665	4.2
319	-0.068210	60.523829	2.009129	0.012100	3.9
320	-0.080274	61.523829	1.984783	0.012052	4.9
321	-0.083263	62.523829	1.961020	0.010933	3.8
322	-0.063012	63.474089	1.938960	0.010568	4.7
323	-0.071915	62.548587	1.960439	0.016518	4.8
324	-0.066540	61.714494	1.980208	0.010145	4.2
325	-0.077645	61.647112	1.981822	0.010854	4.7
326	-0.084522	60.723488	2.004220	0.015597	4.8
327	-0.068461	59.797953	2.027179	0.007441	4.9
328	-0.072357	60.780985	2.002811	0.017862	4.0
329	-0.072442	61.780973	1.978618	0.018241	5.0
330	-0.068791	62.780973	1.955001	0.012108	4.4
331	-0.077376	63.780918	1.931943	0.022016	4.2
332	-0.063548	62.855383	1.953266	0.018481	4.7
333	-0.069966	63.855383	1.930247	0.008284	3.7
334	-0.072328	64.855383	1.907765	0.017002	3.7
335	-0.074159	63.929858	1.928555	0.023509	10.3
336	-0.070080	64.929858	1.906111	0.009439	5.8
337	-0.066210	64.005361	1.926842	0.012208	7.7
338	-0.093086	64.992291	1.904728	0.011991	5.5
339	-0.075429	64.314675	1.919856	0.015035	5.8
340	-0.073769	63.389140	1.940912	0.013674	6.6
341	-0.074954	62.463605	1.962435	0.011677	5.3
342	-0.074122	61.538071	1.984440	0.011683	6.8
343	-0.078982	60.616535	2.006847	0.015567	6.3
344	-0.077465	59.706099	2.029486	0.012651	6.8
345	-0.068123	58.780564	2.053030	0.013216	8.2
346	-0.075403	59.739494	2.028646	0.007404	10.2
347	-0.065677	59.091711	2.045054	0.009173	4.9
348	-0.064523	58.229534	2.067308	0.011831	5.0
349	-0.070729	59.171804	2.043011	0.015374	6.9
350	-0.085594	58.482649	2.060725	0.006283	5.0
351	-0.069760	57.587878	2.084188	0.014408	7.2
352	-0.066149	57.167506	2.095396	0.016249	6.4
353	-0.077011	58.167506	2.068928	0.015544	5.2
354	-0.073185	59.093285	2.045014	0.023299	5.9
355	-0.081191	60.093285	2.019796	0.014496	5.4
356	-0.068265	59.167964	2.043109	0.015813	5.6
357	-0.083859	58.250893	2.066751	0.009060	5.9
358	-0.065805	59.250893	2.040998	0.013026	6.7
359	-0.060854	58.325759	2.064801	0.009434	6.9
360	-0.072795	59.287943	2.040056	0.015227	6.7
361	-0.068636	60.287936	2.014959	0.009328	6.3
362	-0.057814	59.362730	2.038157	0.015044	5.6
363	-0.061154	60.337998	2.013719	0.019259	5.3
364	-0.078487	59.412463	2.036897	0.009056	5.3
365	-0.081137	58.576559	2.058293	0.013231	5.8
366	-0.078803	57.805863	2.078423	0.013607	4.3
367	-0.059945	57.093837	2.097373	0.014678	6.0
368	-0.082041	56.168302	2.122528	0.019586	6.1
369	-0.066369	55.242768	2.148294	0.009257	4.5
370	-0.071966	56.242768	2.120482	0.012665	5.5
371	-0.064726	57.242767	2.093381	0.017808	4.6
372	-0.073771	56.318065	2.118417	0.017611	4.9
373	-0.067028	57.317931	2.091371	0.011123	4.5
374	-0.058325	56.392402	2.116382	0.018868	4.5
375	-0.078966	55.466867	2.141998	0.019685	4.1
376	-0.064185	56.466867	2.114348	0.016609	4.2
377	-0.066165	55.541332	2.139914	0.010795	4.7
378	-0.071243	54.994561	2.155311	0.010320	4.6
379	-0.067103	55.987445	2.127514	0.019056	4.0
380	-0.078351	55.061910	2.153402	0.015952	5.7
381	-0.071143	54.136375	2.179928	0.023136	4.9
382	-0.062575	55.136375	2.151296	0.010352	3.5
383	-0.080432	54.844509	2.159575	0.010658	4.3
384	-0.074301	54.489388	2.169734	0.011366	4.2
385	-0.062186	53.567784	2.196550	0.025802	4.3
386	-0.073566	52.642249	2.224156	0.013357	3.7
387	-0.062049	53.642248	2.194359	0.012078	4.5
388	-0.072981	54.642248	2.165349	0.010678	4.2
389	-0.059024	53.716763	2.192171	0.010673	4.9
390	-0.075966	54.716704	2.163220	0.010620	4.0
391	-0.076604	55.102482	2.152254	0.011777	5.6
392	-0.065666	56.102397	2.124342	0.008367	3.3
393	-0.081067	57.101709	2.097161	0.016071	3.9
394	-0.073506	56.637886	2.109690	0.023139	6.1
395	-0.061710	55.717813	2.134992	0.009244	3.5
396	-0.071893	56.714087	2.107622	0.015408	5.1
397	-0.077451	57.712392	2.080891	0.016676	4.4
398	-0.065526	58.057538	2.071806	0.008898	5.3
399	-0.064616	57.132032	2.096347	0.009478	5.8
400	-0.071228	57.308547	2.091622	0.016341	7.0
401	-0.080819	56.393134	2.116362	0.037101	4.8
402	-0.088868	55.976739	2.127810	0.011897	6.3
403	-0.070600	56.976739	2.100522	0.014300	6.0
404	-0.077715	56.051207	2.125754	0.015797	4.8
405	-0.062685	57.051207	2.098518	0.018007	6.6
406	-0.063497	56.125756	2.123699	0.010428	6.1
407	-0.065302	55.200231	2.149493	0.013205	6.1
408	-0.074039	54.300350	2.175181	0.010434	5.8
409	-0.081933	53.382955	2.202008	0.015196	5.4
410	-0.071495	52.457420	2.229753	0.013748	5.2
411	-0.081468	51.531885	2.258205	0.015281	5.9
412	-0.068040	50.606350	2.287393	0.019557	5.4
413	-0.079133	49.680815	2.317346	0.013875	6.0
414	-0.071682	48.755280	2.348093	0.013698	6.0
415	-0.067515	49.755273	2.314907	0.018896	6.1
416	-0.072176	48.829739	2.345589	0.018149	6.0
417	-0.072683	47.904203	2.377096	0.027864	4.9
418	-0.059823	48.904203	2.343091	0.011588	5.3
419	-0.069036	47.978668	2.374530	0.012746	4.8
420	-0.071933	48.978633	2.340599	0.004516	4.5
421	-0.089609	49.611118	2.319633	0.012056	5.0
422	-0.063010	48.698616	2.350002	0.020879	5.5
423	-0.083135	47.773081	2.381628	0.020741	5.4
424	-0.068324	46.847546	2.414117	0.010778	5.1
425	-0.081729	45.922038	2.447503	0.017278	5.2
426	-0.074256	46.922038	2.411469	0.018564	6.2
427	-0.065575	47.922038	2.376481	0.010165	4.7
428	-0.081399	46.997560	2.408791	0.018602	5.1
429	-0.065475	47.962229	2.375096	0.005970	5.4
430	-0.066400	48.851811	2.344848	0.029287	5.4
431	-0.071185	49.851764	2.311755	0.016177	6.1
432	-0.072999	48.926228	2.342353	0.019072	5.6
433	-0.078610	49.926228	2.309327	0.004191	4.3
434	-0.055975	50.659736	2.285689	0.007987	5.1
435	-0.066143	50.610182	2.287271	0.017054	5.1
436	-0.066628	51.607728	2.255846	0.017320	5.5
437	-0.075809	50.682193	2.284973	0.008069	5.8
438	-0.066576	49.757754	2.314826	0.017551	5.9
439	-0.073770	50.756708	2.282600	0.023484	7.3
440	-0.067825	51.756708	2.251227	0.017141	6.1
441	-0.066134	52.756708	2.220705	0.009135	6.0
442	-0.070507	53.756500	2.191005	0.013075	5.5
443	-0.057202	52.830978	2.218471	0.013004	5.4
444	-0.062324	53.824485	2.189015	0.014139	6.2
445	-0.082874	52.901058	2.216367	0.012210	6.2
446	-0.080299	53.901057	2.186777	0.018660	6.4
447	-0.068949	52.975528	2.214136	0.008964	6.8
448	-0.063343	53.975390	2.184609	0.018478	5.4
449	-0.068634	54.965840	2.156126	0.016593	7.2
450	-0.062514	54.043459	2.182627	0.020510	7.2
451	-0.066142	53.167316	2.208411	0.015141	5.3
452	-0.072985	53.883881	2.187278	0.008626	6.2
453	-0.070170	54.343180	2.173944	0.012652	4.9
454	-0.070895	55.342916	2.145476	0.010633	7.2
455	-0.072097	54.749955	2.162270	0.011532	5.8
456	-0.063683	55.738453	2.134417	0.017161	6.0
457	-0.081967	54.812920	2.160475	0.013563	6.9
458	-0.069311	53.887421	2.187175	0.012852	6.3
459	-0.087738	52.961993	2.214541	0.016784	5.2
460	-0.072408	53.961632	2.185010	0.020900	4.8
461	-0.064742	53.036097	2.212325	0.013370	4.8
462	-0.078052	52.545696	2.227076	0.013321	4.8
463	-0.068994	51.620162	2.255460	0.010415	5.6
464	-0.070748	50.709237	2.284111	0.012699	4.0
465	-0.059343	51.706649	2.252777	0.009797	3.8
466	-0.072851	52.325909	2.233752	0.013500	4.3
467	-0.074328	51.478625	2.259865	0.013409	4.5
468	-0.085520	50.589974	2.287917	0.022551	5.0
469	-0.067346	51.589974	2.256398	0.011336	4.3
470	-0.087751	52.589974	2.225736	0.020729	6.4
471	-0.063301	53.589564	2.195909	0.015577	4.7
472	-0.065707	52.664034	2.223499	0.011296	4.2
473	-0.073048	53.642848	2.194341	0.014932	5.3
474	-0.059418	54.642848	2.165332	0.013815	3.9
475	-0.065369	53.717454	2.192150	0.017741	3.8
476	-0.072692	52.791919	2.219645	0.014754	4.9
477	-0.067060	53.791919	2.189968	0.013038	4.9
478	-0.072667	54.791919	2.161073	0.012603	4.9
479	-0.061957	53.866384	2.187789	0.023233	5.5
480	-0.064764	52.940849	2.215175	0.007143	4.9
481	-0.070877	52.015314	2.243254	0.025240	4.4
482	-0.068332	53.015314	2.212946	0.018195	4.4
483	-0.073737	52.089779	2.240968	0.016449	5.6
484	-0.088277	53.069976	2.211313	0.012944	4.9
485	-0.074982	54.069976	2.181856	0.017900	5.6
486	-0.074171	55.069976	2.153174	0.014118	5.6
487	-0.071333	54.144441	2.179694	0.013273	4.4
488	-0.072178	53.218906	2.206875	0.012252	6.1
489	-0.066417	53.196343	2.207547	0.012599	6.2
490	-0.059870	54.196337	2.178190	0.012488	6.2
491	-0.067141	55.195177	2.149636	0.012840	5.2
492	-0.065201	55.694075	2.135652	0.011697	5.3
493	-0.067522	54.804266	2.160721	0.016127	5.1
494	-0.064577	53.879603	2.187403	0.009353	4.2
495	-0.068442	54.851818	2.159367	0.020627	4.6
496	-0.065855	55.851620	2.131274	0.021249	4.6
497	-0.067757	54.926085	2.157254	0.011761	5.9
498	-0.075006	55.926084	2.129211	0.015381	5.7
499	-0.090200	56.925600	2.101901	0.008812	4.9
