1:ItNr	2:Metric	3a:Time	3b:StepSize	4:||Gradient||	Time[ms]
0	-0.108212	0.000000	2.042668	0.021080	656.9
1	-0.131206	0.000000	2.042668	0.024767	8.4
2	-0.109284	0.999741	1.949842	0.026251	1.9
3	-0.136150	0.022024	2.040528	0.038718	8.1
4	-0.142509	1.022024	1.947869	0.043592	6.5
5	-0.132691	2.022024	1.863260	0.033855	2.8
6	-0.127680	1.047083	1.945655	0.014753	1.6
7	-0.131129	0.069436	2.035936	0.008948	1.9
8	-0.116373	0.000000	2.042668	0.022102	6.6
9	-0.123241	0.950664	1.954201	0.017149	3.2
10	-0.125979	0.000000	2.042668	0.029504	1.7
11	-0.131393	0.853995	1.962846	0.021106	4.5
12	-0.122258	1.785961	1.882564	0.038032	5.1
13	-0.127951	0.811817	1.966641	0.025908	3.3
14	-0.132757	1.786175	1.882546	0.032383	2.4
15	-0.137107	0.967779	1.952679	0.025101	4.8
16	-0.153237	1.967777	1.867661	0.046048	2.2
17	-0.144091	2.848739	1.798670	0.017453	4.6
18	-0.120314	3.848735	1.726286	0.021793	3.2
19	-0.148548	4.324461	1.693857	0.012655	2.7
20	-0.135069	3.395706	1.758343	0.025634	3.9
21	-0.138358	4.348844	1.692228	0.014722	6.0
22	-0.112949	4.901182	1.656141	0.030657	2.1
23	-0.143414	3.923470	1.721109	0.036042	5.2
24	-0.138090	4.923470	1.654718	0.029419	5.0
25	-0.125164	3.963413	1.718356	0.027901	3.3
26	-0.147625	2.985697	1.788400	0.026900	2.3
27	-0.151694	2.038957	1.861891	0.038788	2.1
28	-0.138549	3.038927	1.784440	0.038544	5.0
29	-0.140164	2.061210	1.860094	0.028246	3.0
30	-0.133442	1.084908	1.942323	0.030292	4.8
31	-0.139097	0.613996	1.984641	0.030310	4.8
32	-0.146649	0.746854	1.972516	0.019830	3.8
33	-0.128743	1.746853	1.885800	0.029360	2.2
34	-0.121722	2.582347	1.818989	0.031570	2.0
35	-0.123593	1.604631	1.897665	0.026632	5.5
36	-0.131080	0.626914	1.983455	0.035637	4.2
37	-0.148663	1.626912	1.895796	0.048246	1.9
38	-0.139096	0.649196	1.981414	0.033187	5.2
39	-0.144325	0.000000	2.042668	0.025524	4.1
40	-0.141357	0.394235	2.005027	0.012431	5.6
41	-0.118748	1.168079	1.935036	0.047975	2.4
42	-0.130457	2.168013	1.851519	0.037518	4.3
43	-0.151014	3.168013	1.774909	0.024318	5.4
44	-0.135557	4.168013	1.704386	0.027702	3.0
45	-0.139329	3.191674	1.773173	0.051745	2.3
46	-0.136088	4.191674	1.702786	0.025059	5.0
47	-0.155800	3.213957	1.771541	0.019318	5.3
48	-0.108179	2.855335	1.798173	0.039604	6.6
49	-0.133452	3.835403	1.727213	0.028011	5.7
50	-0.127005	4.700794	1.669054	0.017620	4.2
51	-0.120997	5.696964	1.606775	0.031890	6.8
52	-0.138965	4.725170	1.667473	0.018003	4.5
53	-0.127106	3.750732	1.733121	0.026289	2.8
54	-0.134462	2.790550	1.803070	0.028727	2.7
55	-0.133891	3.790541	1.730338	0.024443	3.2
56	-0.115000	2.820304	1.800817	0.034114	2.2
57	-0.143747	1.842587	1.877897	0.034839	2.9
58	-0.127941	0.864870	1.961869	0.022029	2.3
59	-0.134716	1.864554	1.876093	0.034610	3.3
60	-0.129356	1.301103	1.923493	0.026246	3.8
61	-0.149138	0.368757	2.007418	0.030143	2.4
62	-0.139130	1.367807	1.917757	0.030532	1.8
63	-0.125719	0.390090	2.005416	0.015288	2.4
64	-0.159423	0.000000	2.042668	0.032335	2.9
65	-0.125725	0.000000	2.042668	0.021831	3.1
66	-0.128436	0.000000	2.042668	0.017140	3.4
67	-0.120551	0.000000	2.042668	0.045074	2.6
68	-0.144206	0.000000	2.042668	0.026074	2.7
69	-0.130645	1.000000	1.949819	0.020478	3.5
70	-0.120403	0.056576	2.037179	0.037646	2.4
71	-0.120424	1.056576	1.944818	0.017223	3.9
72	-0.138339	2.056576	1.860468	0.028368	2.9
73	-0.157960	3.055934	1.783178	0.021341	3.0
74	-0.129031	3.908977	1.722111	0.047616	1.8
75	-0.135658	2.931260	1.792468	0.023910	5.8
76	-0.129099	1.953544	1.868819	0.034163	2.7
77	-0.143490	0.975827	1.951964	0.021670	3.7
78	-0.128327	0.000000	2.042668	0.022255	2.0
79	-0.109937	0.911887	1.957660	0.043772	5.1
80	-0.127590	0.000000	2.042668	0.040617	3.4
81	-0.139507	1.000000	1.949819	0.033918	2.0
82	-0.131944	0.022284	2.040502	0.045352	3.1
83	-0.127716	0.000000	2.042668	0.025203	2.5
84	-0.154489	0.992775	1.950460	0.021136	4.2
85	-0.113831	1.094264	1.941500	0.015274	2.3
86	-0.136279	2.087905	1.857943	0.034421	2.6
87	-0.124285	3.087893	1.780812	0.017952	3.2
88	-0.132577	3.890855	1.723365	0.035715	4.6
89	-0.113902	3.753556	1.732923	0.052440	3.5
90	-0.128769	2.775839	1.804185	0.018667	2.0
91	-0.143711	3.775839	1.731365	0.012662	2.3
92	-0.120643	4.324858	1.693831	0.030450	3.2
93	-0.137185	3.349064	1.761711	0.018936	4.1
94	-0.144701	4.348985	1.692218	0.029835	2.6
95	-0.143958	5.348979	1.627996	0.035665	2.6
96	-0.137072	4.412503	1.687989	0.026471	2.5
97	-0.130744	5.286921	1.631839	0.031162	3.1
98	-0.128406	4.309204	1.694878	0.032198	4.3
99	-0.149402	5.308549	1.630497	0.019529	3.4
100	-0.142101	6.308537	1.570792	0.023688	3.0
101	-0.123669	7.304915	1.515497	0.016569	3.8
102	-0.126413	6.327232	1.569717	0.012629	3.7
103	-0.104549	5.623944	1.611182	0.018146	3.2
104	-0.116859	6.076598	1.584247	0.015877	2.3
105	-0.133108	6.999893	1.532007	0.025843	3.8
106	-0.148868	6.022188	1.587437	0.032280	2.6
107	-0.135721	5.044556	1.647024	0.058685	4.5
108	-0.144831	6.044556	1.586124	0.016410	3.8
109	-0.131514	7.041626	1.529727	0.028352	2.6
110	-0.127212	6.069487	1.584663	0.028715	4.0
111	-0.125658	5.971781	1.590404	0.022566	3.8
112	-0.129134	4.994073	1.650223	0.027880	2.7
113	-0.143466	4.016780	1.714690	0.013996	3.4
114	-0.138917	3.887858	1.723572	0.027177	3.5
115	-0.110955	2.914160	1.793750	0.019328	3.8
116	-0.137859	1.936639	1.870196	0.037895	2.8
117	-0.135982	0.959283	1.953434	0.032838	2.6
118	-0.163539	1.959283	1.868352	0.032452	2.7
119	-0.138592	2.959283	1.790372	0.025710	2.8
120	-0.140889	1.988415	1.865984	0.018610	4.3
121	-0.136879	2.269087	1.843477	0.023689	3.7
122	-0.157825	2.785857	1.803425	0.020451	3.1
123	-0.141733	2.553118	1.821246	0.031414	2.4
124	-0.117645	1.575963	1.900075	0.028435	2.2
125	-0.128400	2.575963	1.819481	0.015663	3.8
126	-0.160470	3.574505	1.745550	0.029611	4.4
127	-0.151891	2.763332	1.805135	0.033461	2.1
128	-0.117283	3.763332	1.732239	0.025632	3.5
129	-0.128409	4.760669	1.665175	0.026298	2.3
130	-0.126766	5.760168	1.602980	0.023577	4.6
131	-0.148461	4.782483	1.663766	0.045047	3.8
132	-0.133497	5.782483	1.601645	0.017490	2.2
133	-0.134380	4.806879	1.662193	0.045599	3.7
134	-0.152256	5.806879	1.600187	0.024793	7.5
135	-0.133237	4.829162	1.660759	0.029059	2.7
136	-0.129846	5.829162	1.598858	0.040550	1.9
137	-0.146565	6.829162	1.541405	0.026152	3.8
138	-0.143510	7.800436	1.489423	0.023099	3.8
139	-0.132344	6.822719	1.541762	0.024094	3.8
140	-0.126061	7.680830	1.495634	0.030723	1.9
141	-0.142542	7.398655	1.510495	0.023333	3.1
142	-0.138419	8.381451	1.459969	0.035009	4.8
143	-0.144385	7.403734	1.510225	0.056771	3.8
144	-0.122915	8.403734	1.458863	0.018522	4.0
145	-0.142236	7.426017	1.509041	0.023524	5.3
146	-0.122360	6.451503	1.562611	0.039324	4.4
147	-0.154912	5.473787	1.620321	0.022152	4.2
148	-0.122359	6.473787	1.561344	0.028824	2.1
149	-0.136721	7.473787	1.506509	0.019666	2.6
150	-0.153176	6.594538	1.554511	0.015448	4.1
151	-0.133746	7.421699	1.509270	0.014882	3.2
152	-0.140326	8.382995	1.459893	0.044454	4.0
153	-0.151764	9.382975	1.411844	0.030497	4.0
154	-0.139818	8.405362	1.458782	0.029425	4.5
155	-0.108623	9.400051	1.411051	0.016957	3.1
156	-0.123103	10.398961	1.366160	0.019094	4.6
157	-0.140891	10.522402	1.360811	0.023554	3.2
158	-0.117258	11.509745	1.319482	0.018523	4.1
159	-0.131822	11.829418	1.306634	0.025247	2.4
160	-0.121900	10.851989	1.346730	0.038797	3.5
161	-0.165567	9.874272	1.389378	0.026393	2.4
162	-0.139238	8.896555	1.434815	0.029660	3.8
163	-0.145989	9.896555	1.388375	0.021839	3.4
164	-0.132132	10.896338	1.344857	0.036218	2.5
165	-0.116153	11.893680	1.304081	0.025172	3.0
166	-0.137086	12.855253	1.267042	0.030070	4.2
167	-0.132365	13.830716	1.231557	0.028313	5.4
168	-0.139557	14.830716	1.197186	0.030849	3.7
169	-0.122571	15.830716	1.164681	0.027739	2.5
170	-0.143327	15.584833	1.172508	0.019155	4.2
171	-0.128700	14.607189	1.204701	0.024972	5.5
172	-0.147564	13.670291	1.237256	0.027928	2.8
173	-0.149730	12.740953	1.271334	0.030100	2.2
174	-0.138222	11.769644	1.309017	0.027130	2.8
175	-0.143398	12.769644	1.270254	0.025813	4.4
176	-0.134054	11.791928	1.308127	0.036678	3.8
177	-0.143473	12.791928	1.269416	0.048085	2.1
178	-0.116531	11.814235	1.307238	0.020312	2.8
179	-0.155097	12.609895	1.276291	0.025258	3.8
180	-0.143644	13.576499	1.240612	0.024540	5.0
181	-0.135498	13.303701	1.250478	0.025474	3.3
182	-0.135696	13.405280	1.246786	0.041029	4.2
183	-0.127811	12.427978	1.283237	0.017356	3.5
184	-0.122680	11.450379	1.321896	0.024607	5.0
185	-0.136615	10.503418	1.361631	0.018013	2.4
186	-0.144224	9.549090	1.404167	0.027134	3.3
187	-0.146196	8.571442	1.450589	0.019653	2.2
188	-0.123176	7.631559	1.498208	0.027238	4.4
189	-0.132545	8.631558	1.447646	0.024722	4.3
190	-0.117012	7.653842	1.497043	0.031747	2.3
191	-0.122318	8.653778	1.446562	0.015218	3.8
192	-0.134596	9.646282	1.399714	0.026664	2.8
193	-0.134150	10.645460	1.355519	0.039536	5.1
194	-0.129787	9.667743	1.398734	0.017703	3.4
195	-0.121900	10.667702	1.354567	0.025120	3.8
196	-0.122239	9.689994	1.397720	0.024679	3.6
197	-0.126321	8.712277	1.443714	0.023172	4.5
198	-0.132169	9.712277	1.396706	0.017322	3.0
199	-0.127650	8.734634	1.442628	0.043788	2.3
200	-0.114719	9.734634	1.395690	0.027819	2.7
201	-0.148166	8.756917	1.441548	0.038386	4.2
202	-0.139471	9.073944	1.426352	0.027189	2.6
203	-0.145836	8.101170	1.474031	0.024495	2.6
204	-0.138321	8.442867	1.456924	0.029091	3.2
205	-0.126886	9.442867	1.409066	0.010256	3.4
206	-0.134406	10.436271	1.364539	0.017779	3.9
207	-0.114888	10.119471	1.378430	0.015879	4.2
208	-0.128695	9.151124	1.422701	0.044313	3.4
209	-0.142804	8.173407	1.470381	0.032672	3.8
210	-0.145429	9.173407	1.421650	0.059602	2.6
211	-0.133384	10.173407	1.376045	0.026365	4.0
212	-0.133932	11.173407	1.333276	0.046054	2.3
213	-0.141731	10.195690	1.375062	0.022108	3.1
214	-0.142681	11.195690	1.332353	0.017573	3.6
215	-0.122078	12.195629	1.292219	0.025784	2.4
216	-0.129407	11.218106	1.331426	0.014908	5.1
217	-0.128624	12.218100	1.291345	0.032921	2.0
218	-0.150970	13.217682	1.253621	0.022688	3.2
219	-0.148239	12.551765	1.278503	0.025231	3.5
220	-0.127375	11.574061	1.316877	0.025619	5.1
221	-0.125780	12.574059	1.277654	0.016918	4.0
222	-0.134079	13.574055	1.240700	0.058485	2.8
223	-0.124575	14.574055	1.205823	0.040933	3.1
224	-0.130659	15.367433	1.179517	0.020937	2.9
225	-0.148134	16.367421	1.147952	0.018582	3.0
226	-0.119242	16.916734	1.131322	0.031918	6.0
227	-0.149942	17.916690	1.102253	0.044020	6.5
228	-0.142702	16.938973	1.130658	0.019396	3.9
229	-0.144424	17.938973	1.101622	0.037662	2.0
230	-0.132077	18.924249	1.074435	0.026120	3.9
231	-0.118905	19.924249	1.048181	0.034856	4.3
232	-0.135120	20.924249	1.023179	0.011717	3.7
233	-0.130456	20.388242	1.036430	0.024951	2.6
234	-0.140436	21.379309	1.012193	0.032690	2.1
235	-0.134831	20.424867	1.035514	0.030074	10.3
236	-0.137783	21.424867	1.011106	0.020253	5.1
237	-0.161001	22.424350	0.987833	0.027474	3.2
238	-0.137971	23.424319	0.965598	0.044182	5.5
239	-0.103518	22.446602	0.987327	0.019562	2.2
240	-0.125731	23.179374	0.970951	0.019682	3.1
241	-0.161987	22.557591	0.984812	0.030338	2.2
242	-0.158600	23.552220	0.962826	0.050504	3.6
243	-0.134640	22.574503	0.984429	0.016534	5.2
244	-0.143353	23.574503	0.962344	0.012160	2.0
245	-0.137943	24.552633	0.941680	0.022565	3.4
246	-0.133415	25.551241	0.921480	0.036043	1.9
247	-0.128395	26.551241	0.902101	0.030419	7.5
248	-0.126834	25.573524	0.921039	0.038413	2.1
249	-0.151835	24.595808	0.940789	0.022156	3.0
250	-0.130105	23.618155	0.961403	0.033422	2.3
251	-0.140618	22.640810	0.982934	0.021843	3.9
252	-0.144942	21.663094	1.005460	0.039270	4.2
253	-0.128357	22.109748	0.995042	0.044314	2.2
254	-0.123854	23.109272	0.972494	0.022548	2.9
255	-0.134664	24.109272	0.950936	0.018254	2.6
256	-0.148043	25.101953	0.930460	0.021343	3.8
257	-0.116029	24.222964	0.948545	0.014543	4.2
258	-0.154199	24.800736	0.936579	0.033050	2.4
259	-0.132592	24.969476	0.933141	0.038460	2.5
260	-0.150700	24.082796	0.951494	0.018281	2.7
261	-0.167231	23.105080	0.972587	0.025924	3.3
262	-0.125770	22.206791	0.992807	0.012740	4.6
263	-0.141326	22.033056	0.996816	0.033460	2.3
264	-0.122474	23.017746	0.974516	0.020126	2.2
265	-0.152781	22.040134	0.996652	0.018098	3.3
266	-0.138428	23.018900	0.974491	0.058253	5.7
267	-0.124248	22.490335	0.986335	0.019987	3.5
268	-0.142352	22.142525	0.994286	0.037256	2.9
269	-0.116008	21.299790	1.014095	0.023424	2.7
270	-0.115994	22.296609	0.990748	0.019198	2.8
271	-0.125048	22.512742	0.985827	0.026506	3.7
272	-0.125650	23.512729	0.963680	0.022363	3.6
273	-0.126718	22.559901	0.984759	0.026224	3.1
274	-0.127373	21.582184	1.007370	0.026678	2.2
275	-0.142439	22.581234	0.984277	0.028639	3.1
276	-0.131302	23.505408	0.963838	0.024983	3.6
277	-0.122052	22.527786	0.985486	0.027015	3.5
278	-0.141332	23.527786	0.963354	0.043843	2.9
279	-0.130513	22.550069	0.984982	0.025670	2.3
280	-0.136041	21.572414	1.007601	0.014619	3.1
281	-0.118289	20.648890	1.029944	0.020114	3.4
282	-0.138401	20.691751	1.028885	0.014416	4.0
283	-0.131729	21.571328	1.007627	0.035697	2.9
284	-0.120596	22.567459	0.984589	0.021985	2.4
285	-0.144403	23.567425	0.962497	0.027105	3.3
286	-0.121745	22.590630	0.984065	0.020250	3.6
287	-0.125471	21.613173	1.006638	0.022906	3.5
288	-0.149387	20.635458	1.030276	0.012051	2.7
289	-0.133681	19.664809	1.054868	0.024227	2.7
290	-0.153078	18.703078	1.080421	0.038891	3.0
291	-0.138857	19.702974	1.053879	0.021561	2.9
292	-0.151930	18.725433	1.079813	0.025838	3.2
293	-0.146567	19.724098	1.053333	0.020553	3.4
294	-0.154535	20.620937	1.030636	0.019913	3.8
295	-0.140807	20.745169	1.027568	0.028784	2.7
296	-0.127712	21.742314	1.003596	0.035375	3.1
297	-0.145241	20.766295	1.027049	0.026457	2.5
298	-0.145554	21.766294	1.003033	0.057530	3.0
299	-0.126399	22.766293	0.980115	0.031013	3.4
300	-0.127529	21.788576	1.002511	0.023438	4.2
301	-0.126635	22.613143	0.983557	0.036701	2.7
302	-0.135147	21.796072	1.002335	0.042567	2.7
303	-0.139688	22.781660	0.979771	0.022225	7.0
304	-0.155029	23.781660	0.957893	0.029654	3.9
305	-0.128063	22.803943	0.979273	0.025273	3.3
306	-0.150733	23.762283	0.958307	0.043476	3.1
307	-0.119074	24.762283	0.937366	0.033399	6.0
308	-0.134673	25.762283	0.917321	0.021331	4.2
309	-0.118542	24.784572	0.936910	0.027861	3.4
310	-0.155156	23.806860	0.957354	0.022783	4.7
311	-0.149237	24.793747	0.936722	0.035628	4.1
312	-0.141468	25.789523	0.916787	0.032445	3.6
313	-0.131626	24.811806	0.936353	0.033825	4.0
314	-0.143857	23.843221	0.956578	0.034854	4.8
315	-0.148016	22.865507	0.977899	0.039086	2.9
316	-0.126309	21.887790	1.000192	0.038381	3.7
317	-0.127817	21.250884	1.015269	0.025481	3.3
318	-0.129246	22.247151	0.991881	0.064678	5.7
319	-0.141315	21.269434	1.014824	0.019390	3.8
320	-0.137769	20.291717	1.038853	0.016241	4.4
321	-0.133084	19.325641	1.063741	0.012984	6.1
322	-0.120171	20.259472	1.039665	0.026722	4.1
323	-0.156526	21.244698	1.015418	0.021762	4.5
324	-0.144746	20.267389	1.039465	0.022673	4.7
325	-0.154785	21.261467	1.015015	0.029262	4.7
326	-0.133555	22.261390	0.991554	0.017464	7.8
327	-0.130566	23.261234	0.969156	0.027744	4.8
328	-0.136898	22.285960	0.990992	0.042886	12.7
329	-0.143311	23.285947	0.968615	0.039673	7.8
330	-0.142879	22.308230	0.990482	0.043525	11.2
331	-0.128337	21.330513	1.013359	0.018407	7.1
332	-0.128588	20.358665	1.037171	0.016653	9.4
333	-0.171173	21.357144	1.012722	0.024660	5.8
334	-0.141386	22.355268	0.989407	0.039953	8.1
335	-0.147539	23.355268	0.967101	0.036219	5.4
336	-0.136287	22.377551	0.988899	0.037477	5.7
337	-0.139427	21.399834	1.011703	0.012342	6.9
338	-0.146182	22.399833	0.988391	0.017126	7.1
339	-0.123867	23.274862	0.968857	0.015520	5.5
340	-0.132049	22.313496	0.990362	0.055962	4.0
341	-0.140029	21.335780	1.013233	0.022938	3.3
342	-0.128396	20.358063	1.037186	0.016448	5.6
343	-0.112891	21.354001	1.012797	0.027342	3.9
344	-0.116752	20.401497	1.036098	0.020500	3.5
345	-0.118497	21.299072	1.014113	0.025121	6.0
346	-0.141922	20.381686	1.036594	0.039364	2.9
347	-0.129397	21.381686	1.012136	0.049928	2.7
348	-0.128591	22.381663	0.988805	0.050019	5.5
349	-0.166918	21.403947	1.011604	0.034106	4.7
350	-0.127365	20.469464	1.034400	0.015060	2.6
351	-0.128501	21.469458	1.010044	0.020600	3.3
352	-0.137286	22.469267	0.986813	0.014364	5.7
353	-0.154806	21.491691	1.009515	0.021869	4.4
354	-0.131422	20.632567	1.030348	0.027213	2.9
355	-0.115423	19.654926	1.055125	0.020081	3.2
356	-0.129642	18.683801	1.080945	0.015953	6.1
357	-0.126494	19.484918	1.059556	0.016281	2.5
358	-0.119007	18.592949	1.083426	0.019255	3.0
359	-0.107554	17.617257	1.110799	0.017815	2.1
360	-0.139735	16.640510	1.139624	0.019937	6.9
361	-0.129194	17.198332	1.122981	0.023719	3.5
362	-0.129856	18.198317	1.094333	0.028038	3.4
363	-0.159279	19.197792	1.067124	0.044308	1.8
364	-0.145544	18.220075	1.093726	0.031251	5.3
365	-0.142244	19.220075	1.066533	0.026067	3.1
366	-0.136000	20.220075	1.040658	0.018315	2.0
367	-0.135187	20.991415	1.021543	0.029816	3.3
368	-0.136626	20.013706	1.045895	0.012795	1.7
369	-0.108532	21.007234	1.021158	0.007964	4.4
370	-0.122240	21.512634	1.009018	0.018789	3.9
371	-0.131667	20.698962	1.028707	0.015420	2.1
372	-0.131349	19.721639	1.053396	0.014396	3.7
373	-0.125899	20.568804	1.031928	0.015821	2.0
374	-0.152357	21.533444	1.008524	0.042546	5.1
375	-0.132201	22.487647	0.986395	0.021602	3.0
376	-0.132431	23.487627	0.964224	0.022765	1.9
377	-0.130110	22.657421	0.982560	0.031657	2.7
378	-0.124147	21.679704	1.005068	0.032854	4.5
379	-0.123327	22.679704	0.982058	0.025382	2.6
380	-0.145761	23.679704	0.960078	0.031256	1.8
381	-0.149460	24.679580	0.939063	0.021372	4.1
382	-0.152589	25.647647	0.919575	0.023990	3.6
383	-0.131844	24.669931	0.939262	0.018861	4.8
384	-0.124202	23.702207	0.959595	0.036068	4.2
385	-0.117553	22.724491	0.981052	0.011263	2.6
386	-0.133957	21.956521	0.998592	0.037040	5.7
387	-0.140351	22.757540	0.980311	0.020303	3.2
388	-0.130019	21.779853	1.002715	0.026319	4.7
389	-0.142965	22.513485	0.985810	0.027795	2.0
390	-0.146845	23.513253	0.963668	0.032081	2.8
391	-0.151382	22.535537	0.985310	0.028465	4.0
392	-0.125389	23.530892	0.963287	0.022203	3.6
393	-0.129706	22.553178	0.984911	0.016614	3.9
394	-0.133728	23.552949	0.962810	0.014991	2.2
395	-0.160199	23.878822	0.955819	0.034843	2.6
396	-0.126886	22.904480	0.977031	0.022444	4.1
397	-0.118593	21.936573	0.999055	0.022817	2.8
398	-0.113900	22.917436	0.976742	0.031869	4.7
399	-0.138326	21.939719	0.998982	0.027990	2.0
400	-0.123389	20.962007	1.022259	0.013128	2.9
401	-0.117683	21.960966	0.998488	0.015306	4.0
402	-0.132066	22.917758	0.976735	0.023453	2.5
403	-0.133383	23.889943	0.955582	0.033921	4.6
404	-0.146619	22.912226	0.976858	0.039291	1.9
405	-0.140717	23.912226	0.955108	0.024056	3.7
406	-0.141993	22.934510	0.976363	0.023984	3.1
407	-0.133096	21.957018	0.998580	0.021634	3.2
408	-0.130094	20.979954	1.021821	0.033733	4.3
409	-0.142653	20.002238	1.046187	0.041905	2.7
410	-0.141513	21.002238	1.021279	0.047112	4.3
411	-0.115731	20.024521	1.045619	0.009793	1.9
412	-0.130192	19.047202	1.071136	0.016621	4.6
413	-0.155784	19.784253	1.051779	0.031802	2.4
414	-0.147223	20.773722	1.026866	0.031243	4.2
415	-0.144474	19.796006	1.051476	0.030036	2.7
416	-0.134737	20.796006	1.026319	0.034667	3.5
417	-0.133254	21.796006	1.002337	0.032051	2.1
418	-0.142718	22.795975	0.979451	0.028250	4.2
419	-0.132603	21.818327	1.001814	0.025233	4.4
420	-0.133209	20.844443	1.025131	0.053643	3.4
421	-0.155498	21.500258	1.009312	0.032305	4.4
422	-0.142911	22.500258	0.986110	0.031811	2.9
423	-0.139854	21.523898	1.008751	0.023922	3.0
424	-0.123746	22.522440	0.985607	0.014191	3.0
425	-0.134972	21.563149	1.007821	0.028419	2.8
426	-0.153922	20.585496	1.031514	0.025424	3.2
427	-0.149892	19.607781	1.056350	0.051582	4.0
428	-0.128543	20.607781	1.030961	0.042605	3.4
429	-0.146565	21.607781	1.006765	0.021326	2.7
430	-0.133162	20.630264	1.030405	0.024577	2.1
431	-0.148919	21.630257	1.006234	0.031663	1.9
432	-0.136403	20.652549	1.029853	0.021338	4.2
433	-0.116213	19.674832	1.054608	0.035017	8.4
434	-0.130009	20.674832	1.029303	0.026142	1.8
435	-0.145270	21.647972	1.005816	0.018081	3.1
436	-0.130624	22.647934	0.982773	0.026461	5.7
437	-0.164505	22.060271	0.996186	0.025634	3.9
438	-0.136720	23.060221	0.973577	0.040912	2.2
439	-0.133333	24.060219	0.951971	0.019088	1.7
440	-0.141544	23.082503	0.973085	0.039956	3.8
441	-0.142240	22.927051	0.976529	0.031753	4.6
442	-0.144142	21.949334	0.998759	0.023703	2.8
443	-0.138018	21.122780	1.018357	0.011787	1.9
444	-0.143256	22.081249	0.995700	0.024304	1.7
445	-0.143424	21.108162	1.018710	0.034178	5.1
446	-0.156971	22.107482	0.995095	0.025689	4.1
447	-0.127518	23.107482	0.972534	0.039022	2.6
448	-0.122803	24.107482	0.950973	0.016480	2.1
449	-0.132882	23.154145	0.971506	0.038037	1.8
450	-0.118622	22.176538	0.993503	0.027629	4.0
451	-0.127458	21.198821	1.016522	0.016567	6.7
452	-0.100435	20.342577	1.037575	0.021323	2.2
453	-0.134459	21.338009	1.013180	0.016382	2.5
454	-0.146785	20.762716	1.027137	0.036408	3.0
455	-0.132656	21.762703	1.003118	0.024034	5.1
456	-0.124749	22.762703	0.980196	0.022528	3.2
457	-0.122975	23.762702	0.958298	0.029339	2.5
458	-0.169800	22.785016	0.979696	0.033157	1.7
459	-0.148241	23.669845	0.960290	0.026096	2.6
460	-0.135924	22.692128	0.981779	0.040155	5.4
461	-0.140000	23.692127	0.959812	0.020123	3.7
462	-0.141305	22.714410	0.981279	0.015945	2.9
463	-0.168622	23.307810	0.968137	0.015165	3.0
464	-0.141405	22.612648	0.983568	0.018711	6.2
465	-0.131734	21.635133	1.006119	0.030126	3.9
466	-0.145426	20.659820	1.029674	0.031134	3.6
467	-0.133853	19.682103	1.054420	0.017798	7.8
468	-0.131261	19.061910	1.070743	0.018738	6.9
469	-0.128421	20.006209	1.046086	0.039745	3.2
470	-0.137428	19.028580	1.071635	0.028324	5.2
471	-0.152539	20.028580	1.045516	0.025410	3.4
472	-0.141052	19.056194	1.070896	0.039256	3.4
473	-0.131655	18.921620	1.074506	0.021647	2.0
474	-0.137478	19.838195	1.050390	0.034364	3.4
475	-0.140172	19.301843	1.064369	0.040320	5.1
476	-0.124462	20.301843	1.038598	0.033724	3.4
477	-0.151434	21.301843	1.014046	0.037369	2.1
478	-0.117352	20.324126	1.038038	0.034999	3.3
479	-0.139721	19.410193	1.061515	0.030174	2.9
480	-0.149251	18.432476	1.087835	0.013300	4.0
481	-0.136824	19.425055	1.061125	0.042598	3.7
482	-0.140242	19.157727	1.068188	0.046382	3.1
483	-0.126798	20.153667	1.042338	0.023755	2.6
484	-0.126267	21.146880	1.017774	0.011246	5.5
485	-0.146349	20.174071	1.041821	0.025456	4.7
486	-0.140853	19.196651	1.067154	0.023350	3.2
487	-0.143653	20.196545	1.041253	0.036050	3.5
488	-0.145704	19.218849	1.066565	0.025026	3.0
489	-0.128152	18.241132	1.093139	0.038854	4.9
490	-0.124131	17.263415	1.121071	0.020141	3.0
491	-0.128118	18.263415	1.092519	0.030833	3.5
492	-0.130382	19.263415	1.065385	0.030215	3.0
493	-0.144708	20.263415	1.039565	0.025382	3.9
494	-0.139303	21.113927	1.018571	0.021368	2.7
495	-0.144121	22.113927	0.994946	0.024173	4.4
496	-0.109398	21.334191	1.013271	0.017739	4.7
497	-0.119072	22.333965	0.989894	0.020027	3.3
498	-0.146260	23.332874	0.967589	0.011061	2.9
499	-0.119015	24.274603	0.947463	0.029811	3.8
