1:ItNr	2:Metric	3a:Time	3b:StepSize	4:||Gradient||	Time[ms]
0	-0.146274	0.000000	6.322045	0.025929	1389.2
1	-0.132432	0.000000	6.322045	0.018335	6.0
2	-0.172928	0.000000	6.322045	0.016880	4.2
3	-0.130898	0.000000	6.322045	0.021950	8.0
4	-0.138486	0.000000	6.322045	0.011466	6.1
5	-0.147580	0.915259	6.058015	0.020264	8.0
6	-0.154128	0.039136	6.310285	0.018376	7.1
7	-0.160338	0.000000	6.322045	0.012206	15.1
8	-0.152277	0.862501	6.072633	0.007739	7.1
9	-0.181166	0.835356	6.080183	0.024337	20.7
10	-0.141389	0.000000	6.322045	0.018639	19.3
11	-0.160047	1.000000	6.034680	0.011230	17.4
12	-0.162649	0.302264	6.232340	0.005532	11.4
13	-0.150397	0.000000	6.322045	0.015434	20.9
14	-0.141845	0.000000	6.322045	0.017152	15.1
15	-0.160947	0.659179	6.129639	0.016418	3.9
16	-0.116668	1.658443	5.859315	0.014048	7.3
17	-0.149194	0.782300	6.094993	0.016656	5.3
18	-0.152136	0.000000	6.322045	0.020797	5.0
19	-0.143237	0.000000	6.322045	0.010469	6.9
20	-0.152594	0.812589	6.086529	0.013605	5.2
21	-0.152291	1.735424	5.839476	0.012159	4.6
22	-0.125064	1.034918	6.025117	0.018761	5.6
23	-0.185075	0.159552	6.274374	0.023641	4.6
24	-0.163041	0.000000	6.322045	0.011782	4.2
25	-0.141071	1.000000	6.034680	0.012589	7.1
26	-0.151947	1.221087	5.974638	0.015234	3.4
27	-0.127712	1.978969	5.777585	0.012210	4.5
28	-0.141425	1.413457	5.923359	0.027237	7.2
29	-0.161951	0.537302	6.164326	0.020993	4.4
30	-0.136624	1.537302	5.890810	0.008086	3.7
31	-0.165773	0.671108	6.126265	0.016596	7.1
32	-0.139943	0.752071	6.103463	0.021928	5.1
33	-0.189048	1.752068	5.835204	0.017442	5.9
34	-0.150847	2.752021	5.589543	0.018730	6.0
35	-0.164354	2.826751	5.572012	0.015499	4.2
36	-0.149970	3.805211	5.352220	0.012279	8.5
37	-0.139075	4.117627	5.285649	0.014215	4.8
38	-0.150503	3.464512	5.426757	0.016664	5.2
39	-0.133940	4.464068	5.213737	0.011650	7.1
40	-0.122596	3.588679	5.399353	0.019579	5.1
41	-0.168152	4.588115	5.188462	0.012280	5.3
42	-0.143783	5.551969	5.000117	0.026916	5.5
43	-0.185694	4.675945	5.170713	0.040727	5.1
44	-0.164399	5.675945	4.976879	0.033201	4.0
45	-0.161190	6.675945	4.797052	0.014687	5.9
46	-0.114948	5.799787	4.953881	0.024419	4.9
47	-0.120432	6.799785	4.775683	0.023604	7.0
48	-0.175740	5.923633	4.931094	0.015624	5.0
49	-0.186502	6.923632	4.754502	0.013189	4.3
50	-0.161976	7.922352	4.590324	0.012197	5.9
51	-0.139614	7.057775	4.731771	0.012906	5.3
52	-0.159602	6.566722	4.816059	0.007052	4.5
53	-0.161308	7.143870	4.717296	0.013779	6.3
54	-0.132971	7.395406	4.675508	0.020455	3.1
55	-0.134529	8.380452	4.518751	0.012706	4.0
56	-0.136941	9.260953	4.387269	0.010210	6.4
57	-0.154716	10.236473	4.250254	0.013571	4.3
58	-0.152495	11.157600	4.128509	0.012386	4.7
59	-0.193681	10.282129	4.244051	0.019833	6.5
60	-0.141946	9.709925	4.323129	0.014941	4.4
61	-0.144638	10.709501	4.186851	0.013482	4.7
62	-0.153128	11.662973	4.064632	0.013249	5.8
63	-0.179580	12.040667	4.018168	0.012906	4.4
64	-0.180533	11.165790	4.127458	0.008984	3.9
65	-0.154370	11.360567	4.102615	0.026404	7.6
66	-0.150027	10.484436	4.216781	0.020382	5.4
67	-0.143041	11.484436	4.086971	0.022153	4.4
68	-0.138854	12.419893	3.972573	0.011931	5.8
69	-0.121159	13.413827	3.857838	0.018364	4.6
70	-0.183556	12.572585	3.954505	0.004561	3.0
71	-0.179709	13.511805	3.846885	0.013863	6.6
72	-0.139928	12.727712	3.936317	0.016644	4.4
73	-0.149279	11.863389	4.039844	0.005806	3.7
74	-0.142615	12.134838	4.006748	0.018055	7.1
75	-0.153626	12.883601	3.918207	0.008742	3.5
76	-0.113128	13.823977	3.812401	0.009715	5.2
77	-0.144645	14.542088	3.735373	0.014843	4.7
78	-0.146446	13.813661	3.813530	0.015821	3.6
79	-0.154704	12.937507	3.911983	0.021914	9.8
80	-0.131457	12.077451	4.013700	0.028179	8.2
81	-0.138782	11.201301	4.122907	0.021178	10.7
82	-0.159145	12.154588	4.004362	0.017327	12.1
83	-0.128612	13.153776	3.887212	0.018325	13.9
84	-0.157118	14.153035	3.776714	0.008922	5.7
85	-0.109537	13.309784	3.869536	0.026073	35.8
86	-0.153434	13.182413	3.883955	0.011583	25.5
87	-0.148511	14.182238	3.773579	0.026873	4.1
88	-0.153741	15.149575	3.672601	0.017624	4.7
89	-0.167581	16.149575	3.573741	0.026793	5.0
90	-0.153732	17.149575	3.480064	0.037795	4.7
91	-0.147667	17.366924	3.460349	0.007346	4.0
92	-0.116489	16.740993	3.517739	0.022207	5.0
93	-0.150662	16.254057	3.563718	0.018677	6.8
94	-0.137550	15.378653	3.649474	0.013582	6.8
95	-0.158609	16.366031	3.553039	0.023750	6.5
96	-0.181362	15.494081	3.637931	0.005426	5.9
97	-0.149863	16.172717	3.571516	0.011688	7.8
98	-0.133932	16.234399	3.565600	0.014376	4.6
99	-0.148647	16.309606	3.558412	0.012084	5.4
100	-0.157375	15.460498	3.641282	0.014191	5.6
101	-0.129327	16.455460	3.544555	0.016514	4.6
102	-0.143964	17.393084	3.457991	0.014886	5.1
103	-0.157250	18.392929	3.370223	0.022978	5.6
104	-0.142907	19.392176	3.286848	0.008002	5.8
105	-0.157127	19.944580	3.242504	0.011246	5.3
106	-0.146652	20.331616	3.212140	0.009130	7.1
107	-0.148221	20.026261	3.236048	0.017077	8.9
108	-0.117669	21.021461	3.159408	0.017732	7.9
109	-0.143366	20.145381	3.226679	0.010442	4.3
110	-0.157972	19.269652	3.296849	0.011709	7.4
111	-0.184053	19.145256	3.307065	0.016709	6.0
112	-0.149164	18.282502	3.379697	0.013907	5.9
113	-0.152100	19.282054	3.295834	0.011677	4.7
114	-0.120371	18.791742	3.336445	0.016735	6.2
115	-0.150776	19.581185	3.271540	0.006108	7.8
116	-0.140897	18.741490	3.340664	0.015666	7.4
117	-0.130925	18.228371	3.384361	0.010322	4.7
118	-0.145051	19.160433	3.305815	0.031621	19.5
119	-0.147387	20.160433	3.225499	0.019941	5.9
120	-0.135337	21.160433	3.148994	0.011070	5.1
121	-0.125986	21.528872	3.121714	0.015102	5.7
122	-0.191639	20.908607	3.167916	0.013149	6.1
123	-0.151134	20.040741	3.234906	0.012869	6.4
124	-0.134755	19.340129	3.291089	0.017396	5.8
125	-0.118281	20.340121	3.211480	0.010757	4.9
126	-0.145638	19.853934	3.249698	0.018233	8.6
127	-0.139984	18.977825	3.320915	0.020740	5.0
128	-0.143187	18.249432	3.382545	0.020423	5.4
129	-0.154251	19.249429	3.298505	0.011889	6.3
130	-0.139663	18.374048	3.371839	0.026887	3.8
131	-0.143056	17.497890	3.448577	0.013505	8.1
132	-0.150112	16.621732	3.528890	0.040367	4.5
133	-0.147030	15.745574	3.613033	0.016776	8.1
134	-0.127564	16.745574	3.517312	0.018632	3.6
135	-0.138993	15.869416	3.600897	0.018893	5.5
136	-0.161156	14.993257	3.688551	0.011858	5.6
137	-0.123793	15.993212	3.588846	0.019514	5.2
138	-0.133019	15.117061	3.675907	0.014753	5.4
139	-0.114530	16.116925	3.576885	0.028176	7.1
140	-0.174781	17.116916	3.483046	0.028216	4.7
141	-0.148924	16.240758	3.564991	0.021773	7.4
142	-0.140363	17.023274	3.491623	0.024556	3.6
143	-0.167900	18.023274	3.402148	0.007697	5.8
144	-0.156272	17.697749	3.430767	0.009063	6.1
145	-0.125178	18.367420	3.372407	0.015495	5.3
146	-0.150145	18.477889	3.362970	0.013845	7.1
147	-0.127818	17.615436	3.438080	0.020356	5.5
148	-0.140488	18.210905	3.385868	0.012108	4.1
149	-0.152709	19.204291	3.302209	0.024604	3.6
150	-0.164220	18.328183	3.375771	0.018417	5.6
151	-0.145193	18.606098	3.352084	0.009120	4.9
152	-0.136267	19.191499	3.303260	0.014699	4.1
153	-0.132310	20.190179	3.223170	0.018280	4.8
154	-0.128471	21.190176	3.146774	0.013452	4.7
155	-0.155966	20.319761	3.213062	0.018599	4.1
156	-0.159467	21.319179	3.137182	0.018744	5.9
157	-0.154391	20.443021	3.203506	0.023756	5.1
158	-0.107661	20.875404	3.170428	0.007102	4.6
159	-0.134217	21.757670	3.105009	0.013370	4.4
160	-0.142556	21.990780	3.088173	0.014861	4.7
161	-0.109707	21.881480	3.096044	0.022945	7.0
162	-0.176086	21.006720	3.160517	0.008019	5.3
163	-0.142589	22.005233	3.087135	0.021286	5.4
164	-0.137133	22.998201	3.017463	0.023988	3.9
165	-0.130735	22.161388	3.075966	0.017774	5.8
166	-0.129481	23.161387	3.006313	0.009141	5.8
167	-0.122312	22.480394	3.053398	0.014105	14.0
168	-0.169193	23.468752	2.985534	0.026340	11.0
169	-0.157637	22.599117	3.045084	0.013768	7.7
170	-0.170388	21.722959	3.107532	0.028270	12.9
171	-0.131956	22.722959	3.036459	0.012806	4.3
172	-0.134301	21.846947	3.098539	0.008587	9.3
173	-0.168224	20.973897	3.162989	0.020199	6.6
174	-0.146561	20.183906	3.223661	0.008382	14.9
175	-0.136371	19.328319	3.292053	0.014952	10.6
176	-0.160032	19.118779	3.309247	0.022270	12.0
177	-0.135114	20.118773	3.228767	0.013365	6.7
178	-0.143996	19.242615	3.299064	0.018811	7.5
179	-0.184863	20.242280	3.219098	0.024667	6.9
180	-0.135839	19.366121	3.288970	0.013067	15.2
181	-0.151210	18.489964	3.361942	0.013476	3.5
182	-0.146131	17.678189	3.432502	0.014569	3.7
183	-0.135144	16.802345	3.512030	0.017553	4.4
184	-0.141695	15.926188	3.595360	0.019795	3.3
185	-0.140195	16.925211	3.500652	0.010038	4.3
186	-0.137905	16.163814	3.572372	0.016617	6.0
187	-0.181102	15.304131	3.656965	0.011613	4.9
188	-0.126388	16.303984	3.558948	0.028193	13.5
189	-0.154920	15.427899	3.644541	0.012840	6.7
190	-0.158051	14.622799	3.726910	0.019414	4.2
191	-0.148619	15.622270	3.625197	0.017119	3.7
192	-0.141742	16.622265	3.528840	0.006956	3.9
193	-0.161458	17.613073	3.438290	0.021969	6.8
194	-0.124171	16.744343	3.517427	0.009499	5.7
195	-0.158524	15.868637	3.600973	0.018471	6.8
196	-0.158283	16.863971	3.506314	0.015476	5.6
197	-0.143968	17.819519	3.420005	0.014816	5.3
198	-0.148691	16.977112	3.495868	0.024971	5.2
199	-0.154202	16.100954	3.578424	0.012080	4.8
200	-0.140908	16.054816	3.582880	0.021900	5.3
201	-0.140123	16.820994	3.510298	0.019122	7.7
202	-0.153779	17.820992	3.419875	0.009918	4.8
203	-0.171984	18.142650	3.391772	0.018448	5.3
204	-0.130423	19.009909	3.318252	0.006905	7.3
205	-0.148856	18.584151	3.353942	0.009203	5.1
206	-0.154417	19.286429	3.295476	0.031418	8.3
207	-0.141527	18.410283	3.368739	0.017171	5.7
208	-0.130134	19.410283	3.285376	0.025751	5.6
209	-0.161422	20.410283	3.206038	0.017618	8.7
210	-0.136650	21.410283	3.130443	0.017749	5.5
211	-0.168554	20.534135	3.196478	0.017469	4.2
212	-0.117601	21.534134	3.121327	0.011110	6.9
213	-0.135374	22.531248	3.049831	0.017849	6.4
214	-0.160826	22.057223	3.083407	0.006069	6.7
215	-0.133112	22.432669	3.056753	0.018891	5.9
216	-0.160227	21.784341	3.103074	0.016115	7.0
217	-0.170680	22.784191	3.032212	0.013364	14.9
218	-0.121834	21.951185	3.091020	0.020103	12.0
219	-0.153801	21.075029	3.155386	0.013752	11.4
220	-0.155057	22.063723	3.082942	0.027759	8.4
221	-0.154735	22.207505	3.072683	0.009373	6.4
222	-0.139875	23.185832	3.004650	0.017511	8.0
223	-0.146700	23.088853	3.011259	0.006875	6.7
224	-0.145787	23.219334	3.002373	0.011914	9.4
225	-0.163634	23.127696	3.008608	0.021997	7.2
226	-0.124961	24.110403	2.943067	0.023872	6.6
227	-0.132255	23.237720	3.001126	0.018964	5.9
228	-0.144086	24.237720	2.934784	0.009834	12.5
229	-0.167664	23.361961	2.992721	0.016250	7.1
230	-0.124327	24.224686	2.935630	0.010342	7.4
231	-0.175965	25.224442	2.872138	0.008659	4.7
232	-0.162609	24.628424	2.909655	0.024062	6.4
233	-0.135941	23.810332	2.962776	0.010260	9.0
234	-0.164839	22.934947	3.021808	0.024187	7.3
235	-0.138712	22.785043	3.032153	0.016224	7.2
236	-0.137713	21.908885	3.094067	0.009700	4.5
237	-0.135663	22.602983	3.044814	0.014416	5.7
238	-0.150238	22.811852	3.030298	0.017979	6.4
239	-0.164127	21.937806	3.091983	0.010447	6.2
240	-0.155359	22.303934	3.065840	0.021659	5.0
241	-0.116265	23.254837	2.999965	0.008656	6.4
242	-0.153792	22.385364	3.060086	0.020851	5.5
243	-0.149525	21.523522	3.122106	0.004906	5.1
244	-0.146705	22.339409	3.063331	0.011549	6.9
245	-0.133872	23.168224	3.005848	0.012912	6.7
246	-0.146783	23.561348	2.979330	0.023921	3.7
247	-0.149598	24.561348	2.913938	0.011174	7.0
248	-0.152719	25.561309	2.851358	0.037066	15.3
249	-0.153448	26.561297	2.791407	0.008080	10.2
250	-0.152805	27.556381	2.734202	0.013252	6.1
251	-0.172445	27.031503	2.764081	0.032367	7.9
252	-0.151149	26.155344	2.815438	0.024306	6.9
253	-0.135611	27.155344	2.756972	0.019941	12.2
254	-0.153603	28.155334	2.700886	0.013391	7.3
255	-0.129564	28.663487	2.673251	0.028661	10.0
256	-0.161539	27.787338	2.721258	0.013152	14.5
257	-0.164743	28.721076	2.670154	0.009807	5.7
258	-0.164698	28.120443	2.702804	0.038860	13.8
259	-0.118766	29.120414	2.648880	0.021678	8.5
260	-0.136499	28.244256	2.696009	0.022133	5.1
261	-0.154697	29.244242	2.642352	0.019808	5.6
262	-0.158868	28.368090	2.689246	0.028365	4.1
263	-0.153700	29.368090	2.635854	0.018626	5.7
264	-0.141872	28.491931	2.682517	0.013938	5.2
265	-0.142001	29.491929	2.629390	0.027134	5.2
266	-0.139174	28.615782	2.675821	0.009519	4.5
267	-0.135317	27.801419	2.720473	0.016755	4.6
268	-0.131444	27.958633	2.711737	0.016086	4.8
269	-0.155890	27.105012	2.759857	0.015730	4.6
270	-0.173604	26.231150	2.810919	0.015256	5.1
271	-0.152980	25.542046	2.852538	0.027773	4.2
272	-0.157757	26.542046	2.792538	0.016251	3.4
273	-0.159260	27.541972	2.735014	0.038928	5.3
274	-0.156129	26.665813	2.785287	0.008278	4.7
275	-0.171444	25.803775	2.836586	0.013546	4.5
276	-0.167111	25.994690	2.825063	0.017245	4.1
277	-0.132370	26.402186	2.800777	0.022546	5.5
278	-0.165025	25.526027	2.853520	0.013746	5.3
279	-0.176803	24.661419	2.907552	0.015573	4.0
280	-0.144621	25.485277	2.856022	0.008200	4.6
281	-0.136575	24.738809	2.902633	0.026495	5.1
282	-0.166312	23.862731	2.959315	0.016319	5.8
283	-0.168561	24.862731	2.894790	0.008115	10.6
284	-0.155505	24.045216	2.947326	0.006150	5.7
285	-0.132212	24.026256	2.948568	0.024547	12.1
286	-0.164158	24.704288	2.904825	0.006449	6.0
287	-0.133867	25.683683	2.843883	0.006242	6.6
288	-0.161754	25.303025	2.867263	0.024768	9.4
289	-0.130842	24.452902	2.920891	0.009258	5.1
290	-0.147489	23.580415	2.978056	0.030512	5.5
291	-0.124928	24.577062	2.912934	0.015058	7.1
292	-0.153104	23.700904	2.970028	0.017843	5.7
293	-0.130734	22.824746	3.029406	0.022230	8.1
294	-0.150741	21.948591	3.091206	0.008277	6.6
295	-0.142357	21.077075	3.155233	0.011593	9.2
296	-0.172568	22.010134	3.086783	0.018728	6.2
297	-0.149705	23.007363	3.016835	0.019329	10.9
298	-0.152536	24.007363	2.949805	0.020361	6.3
299	-0.168505	24.525246	2.916249	0.014423	12.8
300	-0.128779	23.880642	2.958134	0.019576	8.6
301	-0.185358	23.004489	3.017032	0.032532	11.0
302	-0.166823	23.998509	2.950386	0.009431	7.1
303	-0.137699	24.322149	2.929317	0.008728	8.0
304	-0.169255	24.002663	2.950113	0.014307	8.7
305	-0.131102	24.995366	2.886442	0.010813	10.3
306	-0.150819	24.127226	2.941970	0.005485	5.9
307	-0.153089	23.345630	2.993823	0.007492	11.7
308	-0.147567	22.893758	3.024643	0.023292	6.1
309	-0.129791	23.892030	2.957384	0.022668	11.0
310	-0.137406	23.015872	3.016252	0.008880	6.7
311	-0.124611	24.011807	2.949514	0.010269	6.2
312	-0.154526	24.656391	2.907872	0.008172	6.2
313	-0.184046	25.383451	2.862291	0.012049	5.5
314	-0.149329	24.613747	2.910591	0.007256	5.0
315	-0.155131	23.965636	2.952543	0.018289	4.8
316	-0.156837	24.960266	2.888646	0.012529	6.3
317	-0.128641	25.892837	2.831199	0.022046	5.7
318	-0.146398	25.133224	2.877817	0.022541	5.9
319	-0.150662	26.133224	2.816759	0.010808	6.1
320	-0.174804	25.257084	2.870111	0.021341	4.7
321	-0.141001	24.382146	2.925445	0.035355	4.4
322	-0.153274	25.382146	2.862372	0.014505	6.2
323	-0.114433	26.382146	2.801962	0.018642	7.0
324	-0.133632	25.505988	2.854750	0.007185	7.0
325	-0.116248	25.679343	2.844148	0.018972	5.4
326	-0.158719	25.294730	2.867777	0.023359	5.8
327	-0.160746	24.418572	2.923098	0.012276	5.2
328	-0.124652	25.404073	2.861019	0.012803	5.8
329	-0.151452	24.916506	2.891399	0.024024	3.9
330	-0.133146	25.775166	2.838321	0.021046	4.1
331	-0.151927	24.899008	2.892502	0.017868	9.7
332	-0.165169	24.022849	2.948791	0.020713	8.2
333	-0.157418	23.146691	3.007314	0.017863	6.5
334	-0.161949	22.333669	3.063737	0.016818	6.6
335	-0.150543	21.465430	3.126377	0.020413	7.6
336	-0.170900	21.136719	3.150766	0.020065	5.3
337	-0.162805	22.136719	3.077725	0.017505	6.6
338	-0.149196	21.260562	3.141533	0.017777	6.0
339	-0.148284	22.260561	3.068914	0.025152	6.0
340	-0.134717	23.260549	2.999578	0.022250	5.4
341	-0.136881	24.189510	2.937915	0.012654	5.9
342	-0.121201	24.766102	2.900902	0.017742	6.1
343	-0.143465	25.756473	2.839456	0.017599	4.8
344	-0.131765	24.880576	2.893664	0.013972	5.8
345	-0.170993	24.054193	2.946739	0.014740	5.8
346	-0.129309	25.053480	2.882800	0.008586	5.6
347	-0.158596	24.180215	2.938520	0.009541	7.3
348	-0.139942	25.133282	2.877813	0.025774	5.0
349	-0.127447	26.079109	2.819997	0.008004	4.8
350	-0.144891	25.205410	2.873321	0.012018	7.6
351	-0.150421	25.821290	2.835525	0.024556	5.9
352	-0.152382	24.945132	2.889598	0.009613	8.3
353	-0.141012	25.860976	2.833124	0.025427	5.1
354	-0.151402	25.098779	2.879967	0.021800	7.0
355	-0.167858	26.098740	2.818822	0.009506	5.9
356	-0.132917	25.222781	2.872241	0.016985	6.3
357	-0.134940	24.346914	2.927718	0.011256	7.1
358	-0.191916	23.548506	2.980189	0.016641	4.6
359	-0.154979	24.301296	2.930666	0.014464	5.6
360	-0.141581	23.425200	2.988461	0.016632	5.9
361	-0.160909	22.549615	3.048545	0.016911	5.0
362	-0.163750	23.530712	2.981380	0.008338	8.5
363	-0.115398	22.766251	3.033455	0.024565	6.3
364	-0.180909	23.762037	2.965972	0.019477	43.4
365	-0.120845	22.885879	3.025186	0.012408	9.3
366	-0.156161	23.880879	2.958118	0.024849	6.4
367	-0.169764	24.880813	2.893649	0.017762	8.9
368	-0.124483	25.837328	2.834554	0.017517	9.3
369	-0.168330	25.585941	2.849850	0.024528	12.2
370	-0.165932	25.491622	2.855632	0.011317	13.9
371	-0.142590	26.491490	2.795510	0.009869	21.9
372	-0.128543	25.833476	2.834788	0.011842	6.0
373	-0.151086	25.991293	2.825267	0.021289	5.4
374	-0.141948	25.118171	2.878756	0.012214	7.5
375	-0.118385	24.243011	2.934441	0.008729	11.2
376	-0.187819	23.405308	2.989799	0.013712	3.5
377	-0.159110	24.384232	2.925310	0.016202	6.4
378	-0.157705	23.623087	2.975208	0.015434	5.2
379	-0.133466	24.620978	2.910130	0.011670	5.9
380	-0.137150	25.598910	2.849057	0.016115	5.1
381	-0.156656	24.723280	2.903618	0.018693	6.7
382	-0.155604	23.847123	2.960345	0.013386	9.9
383	-0.166708	22.972423	3.019232	0.008994	6.1
384	-0.137435	23.666731	2.972301	0.007747	6.7
385	-0.135491	24.066973	2.945904	0.011215	6.4
386	-0.150818	24.553772	2.914423	0.022006	4.3
387	-0.150842	23.707347	2.969600	0.011885	6.6
388	-0.168433	24.707038	2.904650	0.023754	5.3
389	-0.127411	25.695229	2.843180	0.010699	5.3
390	-0.144816	24.828160	2.896973	0.025061	6.7
391	-0.151628	25.487044	2.855913	0.019376	6.3
392	-0.147576	26.214401	2.811917	0.015395	8.1
393	-0.158298	27.120592	2.758963	0.017024	6.5
394	-0.156261	26.244443	2.810128	0.009112	7.5
395	-0.139239	27.115875	2.759234	0.011572	7.7
396	-0.135090	27.338021	2.746553	0.034466	8.0
397	-0.127808	28.338021	2.690885	0.011341	5.3
398	-0.157689	27.461863	2.739535	0.030777	6.0
399	-0.177223	26.585704	2.789976	0.011973	6.0
400	-0.153699	27.158559	2.756788	0.031301	6.8
401	-0.149784	26.282401	2.807873	0.023928	6.1
402	-0.156463	27.280664	2.749816	0.015504	5.1
403	-0.169444	28.280664	2.694017	0.007817	6.3
404	-0.156985	29.237012	2.642732	0.010958	6.2
405	-0.162478	29.712765	2.617940	0.009728	6.9
406	-0.160035	29.997679	2.603314	0.019096	5.9
407	-0.127637	29.219162	2.643671	0.018152	6.2
408	-0.150437	30.219162	2.592056	0.017453	7.5
409	-0.171122	31.219162	2.542418	0.019386	7.1
410	-0.165859	32.219127	2.494647	0.025502	8.8
411	-0.134324	31.350255	2.536052	0.018961	9.6
412	-0.140621	30.474492	2.579199	0.008430	10.8
413	-0.180208	30.780004	2.563981	0.016271	8.3
414	-0.158753	29.918936	2.607340	0.016654	7.4
415	-0.160960	29.042807	2.652988	0.030330	8.2
416	-0.163417	28.166648	2.700264	0.014382	7.7
417	-0.156945	27.290490	2.749257	0.023581	8.5
418	-0.169692	26.414332	2.800060	0.021129	7.1
419	-0.139199	25.538173	2.852775	0.019580	6.9
420	-0.167001	24.663091	2.907446	0.011844	6.6
421	-0.159212	25.463275	2.857374	0.025488	5.2
422	-0.198563	26.448149	2.798064	0.004447	8.5
423	-0.140296	26.857760	2.774116	0.011710	13.7
424	-0.164802	26.634805	2.787100	0.012129	12.2
425	-0.146889	25.775226	2.838318	0.007910	6.3
426	-0.153481	25.356827	2.863935	0.021315	7.2
427	-0.168398	24.494749	2.918204	0.021397	6.8
428	-0.171029	23.618638	2.975504	0.024600	9.0
429	-0.126028	24.618638	2.910279	0.017840	7.1
430	-0.168295	23.742482	2.967268	0.014160	12.0
431	-0.146485	24.742455	2.902401	0.008821	11.8
432	-0.154346	24.248042	2.934115	0.018116	19.0
433	-0.152248	24.288594	2.931488	0.019502	4.8
434	-0.162202	25.288588	2.868157	0.017685	6.0
435	-0.149672	26.288586	2.807505	0.012381	5.7
436	-0.167254	26.629210	2.787427	0.008568	5.1
437	-0.151841	26.540320	2.792639	0.010679	6.3
438	-0.130310	27.291799	2.749182	0.014536	7.4
439	-0.130366	26.415878	2.799968	0.018340	5.8
440	-0.126751	25.595383	2.849273	0.022624	6.1
441	-0.138299	26.595383	2.789408	0.020733	6.5
442	-0.136126	25.739378	2.840495	0.018065	8.5
443	-0.141573	24.863435	2.894745	0.008444	4.8
444	-0.104204	24.204493	2.936942	0.020423	6.7
445	-0.136436	23.334173	2.994596	0.003642	5.3
446	-0.130035	23.085406	3.011494	0.013961	6.1
447	-0.154347	22.405084	3.058696	0.022716	8.0
448	-0.166479	23.362781	2.992665	0.008855	4.5
449	-0.149061	24.323285	2.929244	0.018559	5.5
450	-0.143701	24.163563	2.939603	0.007489	6.9
451	-0.143035	25.159708	2.876165	0.009589	5.3
452	-0.131181	24.851654	2.895489	0.016627	9.2
453	-0.152530	24.016792	2.949187	0.010422	10.3
454	-0.143590	23.223207	3.002110	0.010351	11.5
455	-0.141257	22.967529	3.019568	0.020329	8.4
456	-0.147809	23.967399	2.952427	0.019451	7.1
457	-0.145687	24.967395	2.888198	0.014633	7.7
458	-0.171784	24.091238	2.944318	0.011860	6.7
459	-0.142494	23.218191	3.002451	0.009511	6.2
460	-0.127941	22.433470	3.056697	0.010813	5.9
461	-0.165358	23.315521	2.995857	0.009171	9.6
462	-0.145196	22.498258	3.052144	0.014450	6.5
463	-0.168826	23.481532	2.984676	0.014261	7.6
464	-0.144290	22.605595	3.044631	0.020275	3.8
465	-0.137173	23.602143	2.976605	0.010809	7.1
466	-0.168036	24.601313	2.911384	0.014708	6.9
467	-0.148535	23.951094	2.953498	0.027982	3.4
468	-0.156254	23.074936	3.012210	0.007617	9.0
469	-0.160850	22.198931	3.073293	0.008738	5.0
470	-0.152688	21.687379	3.110122	0.024250	5.2
471	-0.190935	20.814452	3.175049	0.019559	6.7
472	-0.130733	19.940555	3.242823	0.019893	5.5
473	-0.142466	19.255496	3.298008	0.011828	9.0
474	-0.151450	18.379400	3.371381	0.021510	6.2
475	-0.150963	17.503272	3.448095	0.019895	8.4
476	-0.142191	18.503272	3.360809	0.017225	4.1
477	-0.162955	19.503271	3.277833	0.023970	5.7
478	-0.159783	18.627113	3.350306	0.014687	6.4
479	-0.156198	19.599395	3.270072	0.009480	5.4
480	-0.153265	18.747239	3.340181	0.014514	4.9
481	-0.160164	18.272471	3.380560	0.021865	7.1
482	-0.149489	19.271988	3.296658	0.039745	8.0
483	-0.191458	20.271988	3.216781	0.016691	6.1
484	-0.127594	19.395829	3.286551	0.011022	5.8
485	-0.152732	20.387076	3.207836	0.012315	5.4
486	-0.156005	21.369991	3.133419	0.014682	9.6
487	-0.153481	22.351770	3.062458	0.017493	9.7
488	-0.181316	23.336863	2.994415	0.012574	7.9
489	-0.146427	23.558943	2.979491	0.008964	12.8
490	-0.139672	23.271580	2.998830	0.029181	10.9
491	-0.147115	24.270699	2.932646	0.009191	8.6
492	-0.180125	25.270226	2.869296	0.012690	9.8
493	-0.159650	25.324434	2.865938	0.015080	6.5
494	-0.117028	26.251008	2.809738	0.013018	10.4
495	-0.164410	26.496105	2.795239	0.020601	7.1
496	-0.136567	27.484952	2.738230	0.010143	12.7
497	-0.141049	28.464682	2.683995	0.007534	13.2
498	-0.128691	29.200520	2.644653	0.017932	5.8
499	-0.142224	28.376805	2.688772	0.012924	6.0
