1:ItNr	2:Metric	3a:Time	3b:StepSize	4:||Gradient||	Time[ms]
0	-0.218965	0.000000	2.554965	0.048994	663.6
1	-0.235897	0.000000	2.554965	0.035182	4.1
2	-0.194680	0.000000	2.554965	0.035452	7.2
3	-0.190277	0.874166	2.452860	0.057302	4.5
4	-0.226428	1.874101	2.345634	0.045979	2.0
5	-0.203398	0.926791	2.446973	0.039909	3.1
6	-0.197233	0.000000	2.554965	0.034562	2.7
7	-0.229365	0.958548	2.443434	0.057583	4.4
8	-0.212253	1.956275	2.337237	0.030502	3.5
9	-0.185889	2.793457	2.255001	0.028664	1.9
10	-0.210334	1.848279	2.348285	0.037328	4.0
11	-0.227419	2.388492	2.294046	0.026217	4.8
12	-0.213722	1.441864	2.390811	0.035437	3.8
13	-0.197543	1.577459	2.376453	0.046198	1.8
14	-0.199961	0.631409	2.480387	0.023168	4.8
15	-0.222979	1.631408	2.370788	0.052959	7.4
16	-0.178298	2.631405	2.270464	0.013171	2.3
17	-0.219588	3.580987	2.182755	0.019911	2.9
18	-0.214439	3.908078	2.154091	0.044609	4.0
19	-0.217271	4.327943	2.118382	0.021244	4.5
20	-0.214284	3.381332	2.200629	0.053462	2.7
21	-0.178191	4.375175	2.114439	0.031346	10.4
22	-0.199414	3.450542	2.194400	0.059146	4.8
23	-0.172460	2.620431	2.271519	0.032159	3.7
24	-0.228601	1.677440	2.365975	0.059994	2.4
25	-0.217732	2.656340	2.268071	0.027587	4.1
26	-0.181807	3.655469	2.176161	0.019468	2.4
27	-0.222492	4.054691	2.141486	0.050295	6.1
28	-0.212389	3.115106	2.224923	0.028547	3.0
29	-0.202870	2.167796	2.315899	0.036486	4.3
30	-0.170695	3.152157	2.221510	0.028176	3.1
31	-0.200361	2.205086	2.312177	0.021484	3.9
32	-0.182217	3.195774	2.217506	0.031331	3.5
33	-0.193113	2.249439	2.307766	0.037991	3.4
34	-0.209256	1.302129	2.405791	0.040110	6.8
35	-0.192917	2.302129	2.302548	0.049234	2.6
36	-0.213119	3.256341	2.211969	0.027449	4.1
37	-0.187843	2.309916	2.301779	0.023093	6.5
38	-0.231153	1.410258	2.394183	0.042782	3.1
39	-0.191764	0.465060	2.499609	0.021061	4.1
40	-0.191679	0.440361	2.502489	0.043869	7.1
41	-0.184502	0.000000	2.554965	0.031896	2.3
42	-0.197953	0.999975	2.438833	0.029343	5.3
43	-0.223179	1.311708	2.404758	0.061182	4.1
44	-0.195643	2.311708	2.301602	0.067908	2.6
45	-0.196941	1.364398	2.399093	0.025263	2.3
46	-0.221530	0.438334	2.502726	0.030995	9.8
47	-0.203886	0.000000	2.554965	0.030561	2.5
48	-0.196454	0.998360	2.439012	0.033775	4.7
49	-0.210927	0.051192	2.548752	0.029892	4.9
50	-0.178020	0.994563	2.439433	0.034444	3.3
51	-0.203742	0.047258	2.549228	0.027398	4.7
52	-0.210125	1.047241	2.433605	0.041096	3.8
53	-0.211610	1.517085	2.382825	0.037124	5.0
54	-0.196945	2.221246	2.310568	0.025267	3.7
55	-0.159138	3.219929	2.215294	0.019277	4.8
56	-0.195742	2.418474	2.291109	0.034839	2.7
57	-0.186439	1.471176	2.387693	0.028847	3.6
58	-0.217862	2.311252	2.301647	0.044976	2.3
59	-0.201493	3.311252	2.206973	0.034791	6.4
60	-0.217271	2.368249	2.296033	0.032776	3.5
61	-0.182004	1.420940	2.393043	0.044146	4.5
62	-0.219699	2.420939	2.290867	0.037541	3.0
63	-0.186992	1.473630	2.387432	0.039982	2.2
64	-0.212731	0.526320	2.492496	0.031782	3.0
65	-0.207592	0.000000	2.554965	0.038524	2.8
66	-0.206023	0.000000	2.554965	0.041707	4.2
67	-0.193097	0.000000	2.554965	0.037616	2.0
68	-0.215556	0.973752	2.441744	0.054251	3.1
69	-0.224642	1.973177	2.335518	0.044224	3.9
70	-0.229598	1.025867	2.435966	0.037062	2.0
71	-0.206561	0.078557	2.545443	0.049866	4.7
72	-0.209289	0.000000	2.554965	0.041483	2.0
73	-0.197515	0.000000	2.554965	0.048796	3.2
74	-0.221122	0.000000	2.554965	0.052899	4.4
75	-0.214810	1.000000	2.438830	0.022384	2.0
76	-0.196279	1.999990	2.332795	0.085875	3.3
77	-0.191144	2.999990	2.235595	0.040529	2.7
78	-0.199250	2.052680	2.327463	0.045855	3.6
79	-0.194932	3.002805	2.235333	0.039025	5.3
80	-0.215541	2.055495	2.327179	0.049099	2.1
81	-0.204196	3.055495	2.230437	0.052010	1.8
82	-0.228273	2.108185	2.321873	0.032287	4.6
83	-0.228760	2.426972	2.290277	0.030224	5.8
84	-0.184953	3.394923	2.199403	0.028191	3.7
85	-0.215924	2.705497	2.263368	0.035896	3.6
86	-0.206554	1.788020	2.354494	0.035878	2.4
87	-0.193574	0.840782	2.456609	0.036756	6.0
88	-0.221369	1.750782	2.358348	0.076017	2.0
89	-0.209879	2.750781	2.259053	0.053195	3.1
90	-0.204855	1.803471	2.352899	0.065102	3.0
91	-0.202465	2.803471	2.254052	0.021688	2.6
92	-0.210493	1.856667	2.347423	0.032720	4.7
93	-0.166917	2.852370	2.249431	0.038436	5.0
94	-0.195909	1.905061	2.342463	0.052880	2.7
95	-0.189158	2.358353	2.297006	0.023136	2.9
96	-0.223674	3.273501	2.210405	0.033379	3.4
97	-0.219255	4.202430	2.128932	0.027946	3.4
98	-0.216950	3.309508	2.207131	0.027873	1.9
99	-0.217429	2.366078	2.296246	0.052637	2.5
100	-0.178166	3.366077	2.202007	0.029408	3.9
101	-0.212274	2.419423	2.291016	0.029080	5.9
102	-0.223779	1.984310	2.334387	0.060238	1.9
103	-0.210795	2.984310	2.237057	0.033066	3.5
104	-0.199636	3.983491	2.147589	0.049612	1.8
105	-0.218990	3.036201	2.232227	0.043070	7.1
106	-0.199924	4.036201	2.143067	0.030936	2.8
107	-0.204863	5.036183	2.060758	0.041413	2.7
108	-0.207061	6.036170	1.984537	0.033020	2.9
109	-0.227226	7.036167	1.913752	0.041726	5.8
110	-0.190633	6.602337	1.943831	0.036433	2.4
111	-0.205365	5.655102	2.012908	0.050441	2.9
112	-0.192239	4.736363	2.084765	0.025333	2.9
113	-0.197680	3.806822	2.162883	0.060059	2.8
114	-0.187237	4.805611	2.079171	0.057970	4.1
115	-0.204620	3.871724	2.157240	0.039783	2.7
116	-0.200580	2.924414	2.242658	0.033024	3.2
117	-0.224799	3.923388	2.152768	0.022188	2.1
118	-0.204124	4.919793	2.070011	0.042278	6.9
119	-0.203726	5.917555	1.993282	0.041421	3.0
120	-0.165598	6.917555	1.921883	0.028145	3.8
121	-0.211453	7.917539	1.855423	0.025915	4.1
122	-0.209471	8.909523	1.793886	0.043967	5.5
123	-0.206329	9.893621	1.736743	0.024058	2.0
124	-0.208918	10.803810	1.687039	0.018124	2.4
125	-0.204154	9.904328	1.736141	0.035750	2.8
126	-0.194695	10.395767	1.708965	0.025903	3.5
127	-0.208475	9.573829	1.754908	0.020761	5.1
128	-0.195038	8.691107	1.807082	0.056292	4.1
129	-0.211436	9.497414	1.759305	0.019022	3.2
130	-0.190451	10.302916	1.714034	0.026366	6.2
131	-0.195331	9.366391	1.766896	0.027627	3.9
132	-0.227827	10.366083	1.710582	0.038648	4.4
133	-0.239176	9.419133	1.763833	0.021489	4.5
134	-0.226598	8.483777	1.819789	0.034106	4.9
135	-0.202671	9.327772	1.769146	0.014187	3.2
136	-0.206496	10.323297	1.712919	0.038898	3.9
137	-0.213201	11.087058	1.672147	0.046218	7.2
138	-0.177638	12.087058	1.621609	0.034864	4.2
139	-0.224157	11.139766	1.669404	0.026935	4.2
140	-0.200083	12.139733	1.619031	0.011672	4.7
141	-0.231979	13.074665	1.574609	0.049466	4.4
142	-0.203801	13.965301	1.534500	0.034379	4.7
143	-0.219292	14.119438	1.527766	0.049380	4.1
144	-0.190196	15.119438	1.485468	0.027008	3.5
145	-0.222131	14.202130	1.524177	0.028282	2.6
146	-0.202313	13.260011	1.566090	0.027453	3.3
147	-0.183905	12.632991	1.595287	0.012659	5.9
148	-0.200476	12.862719	1.584464	0.015200	6.2
149	-0.207875	12.210966	1.615559	0.030726	9.5
150	-0.199905	13.159812	1.570684	0.029067	4.1
151	-0.195817	13.946156	1.535341	0.019979	3.6
152	-0.228124	13.011566	1.577530	0.019902	6.8
153	-0.198180	12.076004	1.622151	0.022682	5.0
154	-0.208600	13.055513	1.575494	0.029721	2.4
155	-0.174791	12.112297	1.620373	0.012934	3.9
156	-0.194806	11.236030	1.664419	0.030208	6.9
157	-0.195313	12.219312	1.615153	0.022149	3.3
158	-0.194316	11.276294	1.662343	0.053341	4.5
159	-0.196558	12.187945	1.616679	0.037216	7.4
160	-0.231272	12.400201	1.606406	0.027875	2.4
161	-0.195894	13.399807	1.559726	0.037647	3.9
162	-0.184105	14.399616	1.515674	0.039702	3.6
163	-0.209360	13.461337	1.556941	0.034341	5.8
164	-0.222238	12.514042	1.600949	0.027931	2.1
165	-0.240295	11.592535	1.646213	0.034533	2.8
166	-0.198431	12.592527	1.597208	0.024833	2.6
167	-0.199161	13.587586	1.551258	0.035308	3.9
168	-0.187088	12.806414	1.587103	0.032828	4.2
169	-0.215679	11.932591	1.629215	0.024235	2.4
170	-0.215879	11.945440	1.628579	0.020164	3.6
171	-0.207596	12.638554	1.595023	0.034816	3.0
172	-0.221082	13.613144	1.550112	0.042154	5.0
173	-0.209276	12.665834	1.593731	0.035810	3.3
174	-0.230777	13.665834	1.547756	0.031393	5.0
175	-0.211839	14.665822	1.504361	0.019454	4.8
176	-0.199700	13.721877	1.545258	0.026238	3.4
177	-0.220763	14.496530	1.511536	0.021454	3.1
178	-0.220279	14.175906	1.525313	0.040048	2.8
179	-0.197999	13.237913	1.567101	0.024219	2.7
180	-0.177483	14.237462	1.522648	0.036588	5.7
181	-0.223152	13.366980	1.561216	0.036134	2.9
182	-0.210915	14.366753	1.517082	0.020533	4.1
183	-0.217924	13.440544	1.557881	0.032727	4.5
184	-0.204631	14.399168	1.515693	0.013950	5.1
185	-0.214843	15.104905	1.486066	0.036702	3.9
186	-0.246766	14.161195	1.525951	0.042821	3.4
187	-0.236106	15.063069	1.487790	0.034952	4.5
188	-0.191705	14.116033	1.527914	0.022023	4.5
189	-0.180068	13.268802	1.565688	0.059348	2.4
190	-0.213627	14.246914	1.522240	0.035829	2.1
191	-0.189624	15.246914	1.480244	0.019655	3.9
192	-0.212625	16.236441	1.440907	0.023537	4.3
193	-0.240860	16.636297	1.425599	0.021959	4.6
194	-0.191651	15.851977	1.455940	0.023461	4.3
195	-0.223271	16.842279	1.417839	0.026947	4.4
196	-0.204533	17.819772	1.382138	0.025668	4.3
197	-0.218262	18.809378	1.347780	0.036962	4.1
198	-0.202206	19.684649	1.318784	0.043013	4.1
199	-0.198250	20.684648	1.287147	0.041326	4.0
200	-0.250969	19.737493	1.317073	0.043161	2.3
201	-0.205898	18.790183	1.348430	0.033374	2.3
202	-0.209390	17.842873	1.381316	0.030479	3.5
203	-0.239551	18.842873	1.346647	0.024661	3.2
204	-0.222461	19.842846	1.313676	0.024888	4.4
205	-0.193395	18.923994	1.343910	0.045993	2.7
206	-0.214474	19.923993	1.311071	0.049704	2.8
207	-0.180836	20.923993	1.279799	0.049988	4.0
208	-0.225796	21.923993	1.249983	0.026666	4.6
209	-0.202298	22.692689	1.227992	0.028057	3.7
210	-0.192252	21.746578	1.255171	0.037202	3.5
211	-0.204896	22.257113	1.240357	0.036078	3.9
212	-0.217792	23.206136	1.213729	0.057760	4.0
213	-0.175619	24.205967	1.186885	0.034901	3.1
214	-0.195031	23.258657	1.212289	0.058407	2.8
215	-0.188434	22.311347	1.238804	0.020047	5.3
216	-0.197793	23.301986	1.211103	0.051405	3.9
217	-0.178803	24.254420	1.185614	0.023752	3.6
218	-0.220865	23.307114	1.210963	0.032799	3.3
219	-0.198587	24.274496	1.185088	0.041773	3.0
220	-0.195567	23.327186	1.210414	0.064425	5.6
221	-0.210827	22.380071	1.236841	0.032275	3.0
222	-0.207425	21.720554	1.255936	0.016819	3.1
223	-0.201580	20.813870	1.283169	0.040652	2.6
224	-0.175291	19.866940	1.312901	0.027514	6.1
225	-0.233411	19.018390	1.340740	0.030720	3.1
226	-0.225637	18.071397	1.373236	0.044792	2.9
227	-0.210343	19.071396	1.338967	0.030933	2.3
228	-0.187028	20.064199	1.306595	0.054997	4.2
229	-0.207539	19.116889	1.337448	0.027290	3.9
230	-0.224652	20.116430	1.304935	0.047977	2.5
231	-0.217996	19.289817	1.331708	0.025667	5.1
232	-0.218365	20.279603	1.299777	0.029582	5.1
233	-0.195671	21.264621	1.269484	0.029932	4.0
234	-0.223822	22.059249	1.246057	0.025975	3.1
235	-0.188130	23.057640	1.217820	0.026280	4.2
236	-0.188409	24.051321	1.190959	0.033293	4.0
237	-0.221122	24.994530	1.166536	0.031428	3.9
238	-0.202602	25.889448	1.144272	0.031142	2.8
239	-0.190595	24.942139	1.167866	0.036512	4.9
240	-0.211347	25.077515	1.164435	0.032301	3.5
241	-0.205801	24.130253	1.188876	0.027834	4.1
242	-0.209136	23.428719	1.207648	0.029586	2.9
243	-0.189784	24.428474	1.181071	0.048361	2.1
244	-0.202406	25.412146	1.156039	0.030360	3.5
245	-0.236803	26.412138	1.131657	0.031549	4.6
246	-0.238631	25.466700	1.154682	0.034479	2.5
247	-0.200505	24.525652	1.178550	0.031938	3.1
248	-0.218641	25.499740	1.153862	0.021921	3.1
249	-0.219883	24.552567	1.177854	0.046692	2.7
250	-0.197068	23.606007	1.202848	0.032297	4.4
251	-0.203307	22.658697	1.228948	0.024580	2.8
252	-0.175650	23.292473	1.211363	0.046149	3.2
253	-0.229877	22.345165	1.237837	0.021942	2.2
254	-0.214884	23.344925	1.209930	0.018569	5.5
255	-0.221254	24.209930	1.186781	0.062825	3.0
256	-0.191410	24.215734	1.186628	0.017132	3.4
257	-0.196659	25.215667	1.160954	0.036705	2.0
258	-0.248277	24.470693	1.179975	0.024321	10.6
259	-0.220037	25.463749	1.154755	0.032746	5.0
260	-0.196347	24.518899	1.178725	0.054969	4.3
261	-0.213701	25.518872	1.153387	0.039976	4.6
262	-0.199326	26.518872	1.129115	0.026421	2.1
263	-0.199766	26.009476	1.141350	0.043914	3.7
264	-0.238154	27.009456	1.117577	0.025329	2.0
265	-0.210052	26.108579	1.138949	0.035629	6.2
266	-0.191678	25.162576	1.162289	0.017997	3.2
267	-0.185554	24.215343	1.186638	0.063045	2.1
268	-0.212575	25.208725	1.161128	0.020115	3.7
269	-0.211688	26.024550	1.140984	0.032119	2.9
270	-0.222768	26.939204	1.119215	0.017869	4.3
271	-0.210137	26.041698	1.140568	0.048783	2.1
272	-0.229982	25.101892	1.163819	0.038486	3.2
273	-0.198341	24.161377	1.188056	0.040347	3.4
274	-0.216814	24.153974	1.188251	0.029542	2.7
275	-0.215553	23.207288	1.213697	0.026433	5.1
276	-0.217492	23.638563	1.201971	0.029704	2.1
277	-0.183362	22.909959	1.221916	0.023565	3.9
278	-0.174644	23.909877	1.194710	0.015983	3.1
279	-0.200085	24.608321	1.176414	0.031478	3.5
280	-0.210860	25.607385	1.151197	0.041120	4.0
281	-0.206881	24.660438	1.175071	0.030043	4.3
282	-0.189818	23.713128	1.199967	0.021708	4.0
283	-0.222095	24.664406	1.174969	0.057539	2.5
284	-0.197255	23.966012	1.193218	0.047254	4.2
285	-0.196793	24.966012	1.167260	0.029678	2.3
286	-0.229475	25.964093	1.142453	0.017154	3.4
287	-0.224109	25.346445	1.157678	0.060602	4.5
288	-0.233981	24.751109	1.172742	0.033150	3.2
289	-0.215149	23.803801	1.197538	0.011173	4.0
290	-0.209168	24.741111	1.172999	0.030239	2.2
291	-0.201030	25.715893	1.148523	0.025802	2.6
292	-0.228900	24.855871	1.170063	0.026577	4.0
293	-0.208304	25.855859	1.145092	0.035997	2.2
294	-0.207873	26.854188	1.121203	0.040752	3.7
295	-0.204390	25.906878	1.143846	0.044897	2.7
296	-0.233176	24.959587	1.167423	0.037283	3.0
297	-0.208976	24.012277	1.191992	0.035269	3.9
298	-0.235162	23.064972	1.217617	0.018711	3.3
299	-0.210532	22.444753	1.235000	0.018659	3.1
300	-0.202448	21.869917	1.251560	0.030958	3.0
301	-0.220418	21.145306	1.273078	0.028268	3.7
302	-0.207755	22.075517	1.245586	0.024305	2.1
303	-0.214017	22.974721	1.220116	0.030834	3.9
304	-0.216195	22.328811	1.238305	0.039996	2.4
305	-0.238125	23.328811	1.210370	0.018681	2.8
306	-0.194163	23.020934	1.218835	0.032972	3.9
307	-0.208945	22.234665	1.241001	0.033032	3.5
308	-0.179272	21.654224	1.257889	0.018409	3.2
309	-0.206336	20.867036	1.281540	0.033942	2.0
310	-0.198636	21.006246	1.277293	0.027202	2.5
311	-0.210728	21.987916	1.248124	0.007949	4.7
312	-0.208833	21.681822	1.257075	0.044197	4.3
313	-0.191884	22.489258	1.233736	0.033646	2.5
314	-0.190949	23.487736	1.206046	0.031712	2.9
315	-0.210139	22.541957	1.232243	0.053590	2.5
316	-0.212014	21.594647	1.259648	0.042521	4.1
317	-0.205811	20.647337	1.288300	0.041964	4.0
318	-0.218174	21.543138	1.261173	0.036140	3.5
319	-0.214030	20.596041	1.289889	0.081881	1.9
320	-0.216924	19.648777	1.319948	0.020258	5.1
321	-0.190527	18.701526	1.351441	0.030568	3.6
322	-0.215458	17.897820	1.379364	0.053984	2.1
323	-0.191557	18.884294	1.345248	0.033367	2.9
324	-0.186149	17.937051	1.377975	0.041610	2.2
325	-0.199505	16.989741	1.412336	0.016765	4.7
326	-0.240086	16.065569	1.447550	0.063755	3.0
327	-0.210348	15.118264	1.485516	0.013827	3.1
328	-0.201901	15.430146	1.472799	0.033241	2.7
329	-0.232108	16.007738	1.449812	0.024121	2.6
330	-0.175681	15.139505	1.484643	0.018452	3.8
331	-0.203595	14.198934	1.524315	0.036599	3.2
332	-0.183290	15.166007	1.483555	0.027577	3.0
333	-0.221578	14.218834	1.523454	0.036967	3.1
334	-0.215920	13.325454	1.563104	0.046905	4.1
335	-0.210515	13.741646	1.544379	0.031362	3.4
336	-0.207961	14.741410	1.501179	0.051841	3.0
337	-0.206643	15.741410	1.460321	0.024097	2.6
338	-0.238453	14.895403	1.494739	0.069974	2.6
339	-0.205222	13.948093	1.535256	0.045302	4.2
340	-0.164927	14.948093	1.492548	0.020482	3.4
341	-0.222596	14.630874	1.505836	0.027260	2.9
342	-0.220367	13.709979	1.545788	0.040992	2.3
343	-0.216834	12.762680	1.589159	0.028628	3.0
344	-0.217309	11.816323	1.634987	0.044733	3.8
345	-0.194625	11.518499	1.649961	0.035185	3.4
346	-0.230243	10.571189	1.699469	0.037145	1.9
347	-0.204323	9.624761	1.751990	0.019360	2.9
348	-0.236033	9.047115	1.785671	0.039596	3.1
349	-0.208390	10.047097	1.728157	0.035992	5.2
350	-0.205841	10.167478	1.721482	0.027680	2.4
351	-0.224365	11.155429	1.668591	0.038447	3.6
352	-0.212363	10.219656	1.718605	0.057015	1.9
353	-0.204153	11.219654	1.665265	0.031356	4.6
354	-0.205496	10.272345	1.715710	0.038590	5.4
355	-0.194070	9.325035	1.769306	0.040160	4.6
356	-0.209996	8.377725	1.826359	0.034080	5.4
357	-0.190002	8.307791	1.830717	0.031078	5.4
358	-0.193795	9.307790	1.770313	0.017770	2.2
359	-0.202306	8.363055	1.827271	0.015783	3.0
360	-0.214017	7.631185	1.873980	0.028851	2.3
361	-0.201003	7.063280	1.911903	0.073682	8.0
362	-0.234019	8.063273	1.846119	0.013261	3.0
363	-0.231959	7.116436	1.908288	0.028458	2.7
364	-0.215929	7.961890	1.852582	0.032666	2.6
365	-0.192623	7.014629	1.915223	0.047109	4.1
366	-0.182174	7.945475	1.853632	0.032217	3.4
367	-0.201469	8.945465	1.791733	0.041768	7.0
368	-0.209505	7.998214	1.850261	0.019051	2.7
369	-0.191597	8.960722	1.790820	0.035099	4.9
370	-0.167603	8.023040	1.848678	0.041759	2.2
371	-0.211710	7.075744	1.911054	0.036157	3.2
372	-0.220417	8.074939	1.845378	0.041827	3.3
373	-0.217975	9.074928	1.784020	0.038068	3.7
374	-0.204092	8.127618	1.842041	0.042606	4.3
375	-0.189158	7.189401	1.903349	0.019664	2.1
376	-0.224160	6.242247	1.969524	0.051360	2.7
377	-0.186891	7.242246	1.899787	0.041447	3.9
378	-0.195750	8.242246	1.834820	0.024634	3.3
379	-0.244407	9.242245	1.774150	0.032473	4.2
380	-0.197743	9.203584	1.776421	0.028741	2.6
381	-0.227341	10.203583	1.719491	0.033831	2.2
382	-0.221146	9.280831	1.771889	0.043704	3.8
383	-0.210376	10.229721	1.718051	0.038269	4.3
384	-0.193005	10.224537	1.718337	0.026504	4.8
385	-0.214417	10.998775	1.676760	0.039999	6.2
386	-0.226383	11.998767	1.625948	0.039231	4.7
387	-0.216794	12.990509	1.578507	0.030877	1.9
388	-0.214829	13.988750	1.533472	0.016140	3.0
389	-0.220238	14.716594	1.502222	0.042191	2.5
390	-0.203991	15.038555	1.488802	0.023704	4.6
391	-0.238785	14.107718	1.528276	0.061984	1.8
392	-0.229991	15.107712	1.485950	0.042168	2.9
393	-0.210083	14.160403	1.525986	0.024030	3.5
394	-0.197115	13.220492	1.567899	0.038240	2.5
395	-0.181991	12.273727	1.612511	0.026538	5.2
396	-0.245404	11.326475	1.659762	0.032581	2.2
397	-0.194662	11.354848	1.658307	0.033391	3.1
398	-0.210987	12.354847	1.608590	0.026232	4.0
399	-0.194520	13.354800	1.561769	0.032745	4.3
400	-0.175628	13.582628	1.551480	0.017704	3.1
401	-0.221550	12.840680	1.585496	0.021687	3.5
402	-0.231487	12.956098	1.580107	0.034632	5.5
403	-0.227443	12.008827	1.625452	0.028729	3.1
404	-0.205385	11.064931	1.673301	0.016365	3.9
405	-0.207837	11.966417	1.627543	0.034245	2.0
406	-0.228773	12.965356	1.579676	0.028154	4.0
407	-0.208933	13.965331	1.534499	0.043824	2.9
408	-0.244795	14.965285	1.491835	0.028750	3.7
409	-0.191873	14.017976	1.532192	0.025544	1.9
410	-0.222768	14.683608	1.503611	0.035900	4.0
411	-0.228989	15.492138	1.470297	0.025994	5.1
412	-0.208032	16.492100	1.431082	0.039482	1.8
413	-0.190065	15.601968	1.465885	0.018879	3.9
414	-0.233937	16.601815	1.426906	0.060411	2.9
415	-0.210777	15.654513	1.463783	0.043919	3.6
416	-0.214028	16.654513	1.424909	0.026300	3.6
417	-0.211958	15.707207	1.461682	0.028255	2.4
418	-0.207268	16.686067	1.423716	0.045348	1.9
419	-0.212517	15.740738	1.460348	0.040186	3.4
420	-0.198167	16.740737	1.421654	0.057046	4.2
421	-0.251212	17.740737	1.384957	0.072964	4.6
422	-0.193548	16.793427	1.419672	0.037227	2.5
423	-0.224507	15.854594	1.455837	0.069905	1.9
424	-0.213065	16.854594	1.417378	0.067319	3.3
425	-0.207968	15.907284	1.453758	0.037195	4.3
426	-0.232536	14.959974	1.492055	0.021479	4.3
427	-0.209259	15.959970	1.451686	0.022710	2.0
428	-0.202937	16.934476	1.414393	0.026448	1.8
429	-0.217853	17.934278	1.378073	0.040298	4.1
430	-0.217766	18.856315	1.346192	0.022759	5.7
431	-0.186701	19.697047	1.318382	0.033707	3.8
432	-0.219261	20.571223	1.290659	0.058341	1.9
433	-0.203789	19.623913	1.320756	0.017592	3.2
434	-0.205225	20.623889	1.289026	0.037564	8.9
435	-0.215914	19.676625	1.319044	0.061330	2.4
436	-0.244291	18.729462	1.350491	0.023496	2.0
437	-0.222505	17.859508	1.380724	0.029912	5.1
438	-0.196878	16.915506	1.415101	0.030743	4.4
439	-0.222881	16.250607	1.440360	0.032376	2.2
440	-0.201154	17.250122	1.402721	0.040088	1.8
441	-0.201550	16.983409	1.412571	0.034120	3.9
442	-0.214294	17.983179	1.376344	0.032783	4.5
443	-0.201986	17.035927	1.410621	0.026013	3.6
444	-0.219691	16.088659	1.446649	0.030486	2.2
445	-0.194660	16.952992	1.413703	0.057573	2.6
446	-0.234104	16.164680	1.443690	0.028466	4.1
447	-0.197698	17.164470	1.405870	0.021236	3.1
448	-0.206258	18.143120	1.370720	0.049047	3.1
449	-0.218334	17.195814	1.404716	0.043337	3.6
450	-0.189852	16.248507	1.440441	0.020606	2.9
451	-0.225950	15.325145	1.477056	0.039734	4.3
452	-0.224964	14.438053	1.514030	0.035506	2.6
453	-0.206109	13.559723	1.552509	0.025587	3.7
454	-0.201809	12.621510	1.595832	0.039407	2.5
455	-0.250450	11.679059	1.641855	0.036797	2.7
456	-0.201802	12.679059	1.593105	0.028957	3.9
457	-0.218882	13.679056	1.547166	0.019300	3.3
458	-0.222443	14.676188	1.503924	0.026436	3.5
459	-0.244656	15.095183	1.486466	0.043725	1.7
460	-0.196763	14.383979	1.516343	0.040124	3.3
461	-0.190025	13.710979	1.545743	0.014890	9.8
462	-0.223900	14.553117	1.509130	0.041291	4.7
463	-0.218528	13.761727	1.543487	0.050021	4.1
464	-0.182547	12.814417	1.586728	0.017208	3.9
465	-0.189152	13.376827	1.560768	0.081530	2.2
466	-0.197191	12.648562	1.594549	0.024004	2.4
467	-0.213737	11.705605	1.640522	0.055787	3.5
468	-0.203010	12.705605	1.591850	0.019551	3.4
469	-0.217036	13.125026	1.572285	0.028120	3.9
470	-0.201350	12.605301	1.596601	0.021344	1.9
471	-0.228733	11.665568	1.642533	0.030862	2.7
472	-0.234593	12.602038	1.596756	0.032422	5.4
473	-0.220218	13.230537	1.567439	0.036647	3.8
474	-0.217453	12.283228	1.612051	0.048017	2.7
475	-0.226481	13.283222	1.565030	0.046971	2.3
476	-0.177023	12.336025	1.609498	0.034140	3.2
477	-0.208357	11.884170	1.631614	0.040012	4.4
478	-0.227909	11.286045	1.661841	0.049527	2.6
479	-0.193472	10.338821	1.712070	0.032574	3.5
480	-0.182488	9.391516	1.765436	0.024448	3.0
481	-0.210146	8.509818	1.818184	0.028797	4.1
482	-0.203825	9.503968	1.758927	0.019161	3.3
483	-0.213251	9.981470	1.731818	0.026738	2.9
484	-0.244679	9.682837	1.748674	0.045696	2.6
485	-0.227244	9.129023	1.780817	0.031798	3.2
486	-0.214405	9.867418	1.738217	0.022398	4.2
487	-0.190230	8.992729	1.788909	0.021538	2.5
488	-0.218413	8.060541	1.846293	0.046728	3.3
489	-0.206165	8.144536	1.840972	0.030509	3.8
490	-0.215745	9.144533	1.779900	0.041711	2.2
491	-0.210778	10.144483	1.722753	0.047561	4.5
492	-0.195042	10.592690	1.698313	0.050018	2.0
493	-0.213271	9.645380	1.750811	0.032143	3.1
494	-0.173043	8.698070	1.806658	0.050359	3.5
495	-0.223885	9.698070	1.747806	0.039111	4.7
496	-0.235226	10.698070	1.692667	0.028939	1.9
497	-0.197399	11.695774	1.641015	0.036682	1.8
498	-0.194818	10.779804	1.688313	0.039651	3.6
499	-0.218119	11.779655	1.636816	0.027313	4.6
