1:ItNr	2:Metric	3a:Time	3b:StepSize	4:||Gradient||	Time[ms]
0	-0.101391	0.000000	14.937840	0.013012	426.8
1	-0.107095	0.000000	14.937840	0.016099	11.0
2	-0.094523	0.000000	14.937840	0.020803	4.0
3	-0.092502	0.000000	14.937840	0.021428	2.1
4	-0.109119	1.000000	14.258847	0.019392	6.6
5	-0.104624	0.198449	14.798000	0.024895	3.1
6	-0.086118	0.000000	14.937840	0.018976	5.9
7	-0.100555	1.000000	14.258847	0.024444	4.1
8	-0.099338	0.198449	14.798000	0.038748	4.6
9	-0.089330	0.000000	14.937840	0.020468	5.4
10	-0.105367	0.000000	14.937840	0.004816	4.0
11	-0.114612	0.000000	14.937840	0.015217	4.3
12	-0.107667	0.218907	14.783732	0.018396	6.7
13	-0.123423	1.167446	14.151141	0.017149	2.9
14	-0.091215	0.365895	14.682027	0.013912	4.7
15	-0.094425	1.361634	14.028252	0.020985	4.7
16	-0.107771	0.641441	14.495090	0.025534	3.0
17	-0.100843	1.640981	13.855170	0.018067	5.4
18	-0.099460	2.640981	13.269104	0.017932	5.2
19	-0.116153	3.640981	12.730607	0.025611	2.8
20	-0.093623	2.839431	13.158647	0.025888	5.2
21	-0.116481	3.839431	12.628898	0.014127	5.1
22	-0.097704	3.037882	13.050012	0.017560	2.9
23	-0.099755	4.009991	12.542773	0.008811	2.0
24	-0.113448	5.009990	12.060544	0.019812	7.3
25	-0.110340	4.210312	12.443108	0.011442	6.7
26	-0.089285	3.409655	12.851253	0.031688	3.0
27	-0.104283	2.608105	13.287583	0.007242	5.8
28	-0.098935	2.062645	13.601850	0.012889	5.1
29	-0.135875	2.183254	13.531088	0.032881	3.2
30	-0.109634	3.183254	12.971565	0.022820	5.0
31	-0.117752	4.183254	12.456478	0.007229	6.6
32	-0.118889	3.381703	12.865986	0.045019	2.0
33	-0.103971	4.354275	12.372456	0.014845	6.6
34	-0.111471	5.354275	11.902989	0.010451	4.2
35	-0.118104	6.348554	11.470246	0.017779	4.4
36	-0.094812	6.589420	11.370107	0.007051	7.1
37	-0.111255	7.588366	10.972808	0.012044	5.3
38	-0.099780	7.442753	11.028983	0.016006	3.9
39	-0.084419	8.240285	10.728167	0.013862	3.8
40	-0.111840	9.240285	10.373403	0.021101	5.8
41	-0.118843	8.438734	10.655847	0.010960	4.4
42	-0.091125	9.435440	10.306887	0.019547	3.9
43	-0.110503	8.633903	10.585668	0.022151	3.6
44	-0.103116	7.832352	10.879953	0.017082	5.3
45	-0.094512	7.030802	11.191069	0.019732	4.4
46	-0.093920	6.231492	11.519554	0.028186	8.0
47	-0.092358	5.429941	11.868912	0.019683	2.8
48	-0.093824	6.429941	11.436213	0.020929	4.6
49	-0.121367	5.628390	11.780458	0.024706	4.1
50	-0.089330	4.826840	12.146072	0.021222	6.4
51	-0.099339	5.826840	11.693313	0.015317	4.1
52	-0.111910	6.826840	11.273096	0.016412	6.1
53	-0.116548	7.825801	10.882426	0.013844	3.7
54	-0.092416	7.130612	11.151362	0.020670	2.8
55	-0.100964	8.130237	10.768695	0.024021	7.9
56	-0.128318	9.130237	10.411290	0.014941	4.0
57	-0.098145	8.328686	10.695830	0.007693	5.0
58	-0.124417	8.476953	10.642031	0.022750	4.0
59	-0.118401	7.766674	10.904794	0.019605	2.4
60	-0.105985	8.766674	10.538451	0.015133	2.7
61	-0.107103	9.766674	10.195923	0.024993	7.8
62	-0.101746	10.766673	9.874961	0.025064	2.2
63	-0.106885	11.766673	9.573588	0.015801	7.2
64	-0.090074	12.766355	9.290154	0.019382	3.8
65	-0.110031	11.964804	9.516048	0.042838	5.4
66	-0.109616	11.168127	9.751722	0.020234	6.9
67	-0.125660	12.168127	9.457714	0.023092	4.6
68	-0.102184	13.168127	9.180914	0.024257	5.4
69	-0.110128	12.366576	9.401463	0.008862	3.7
70	-0.111281	11.619416	9.616807	0.025702	3.9
71	-0.115709	10.817904	9.859061	0.015427	6.6
72	-0.111428	11.817903	9.558644	0.019029	3.5
73	-0.108927	11.016805	9.797812	0.017378	3.9
74	-0.090092	10.215254	10.049402	0.014278	4.9
75	-0.116389	9.413794	10.314223	0.021407	4.3
76	-0.117417	8.612244	10.593410	0.018703	2.9
77	-0.116875	9.612244	10.247359	0.030724	6.1
78	-0.108645	8.810693	10.522890	0.016076	4.0
79	-0.079078	8.013130	10.812161	0.024055	4.2
80	-0.098692	7.211580	11.119358	0.007327	2.5
81	-0.110757	6.410195	11.444451	0.021069	5.3
82	-0.104931	7.407764	11.042567	0.017987	6.2
83	-0.120202	6.606213	11.363190	0.024824	3.8
84	-0.115788	5.804662	11.702988	0.028167	4.6
85	-0.101533	6.804662	11.282088	0.020321	3.2
86	-0.105679	7.804662	10.890412	0.022442	3.2
87	-0.128509	8.804662	10.525019	0.018815	5.1
88	-0.119954	9.413938	10.314174	0.016185	5.6
89	-0.134440	10.413937	9.985843	0.015132	5.1
90	-0.107795	11.413937	9.677771	0.014701	4.6
91	-0.086752	12.253038	9.433563	0.013209	5.2
92	-0.131174	13.253025	9.158159	0.022988	2.8
93	-0.111935	13.016163	9.221929	0.011546	7.6
94	-0.137342	12.244550	9.435972	0.036105	3.5
95	-0.129948	13.239011	9.161907	0.034867	4.6
96	-0.117127	12.437460	9.381533	0.024578	4.6
97	-0.127579	11.635909	9.611947	0.012332	4.0
98	-0.099460	11.285152	9.716375	0.021476	3.6
99	-0.088020	12.285152	9.424462	0.012739	7.3
100	-0.097864	11.483601	9.657016	0.027859	3.3
101	-0.114794	10.682050	9.901337	0.024513	5.4
102	-0.103752	9.880500	10.158341	0.033500	5.7
103	-0.105239	10.880500	9.839703	0.015768	3.1
104	-0.118838	10.078949	10.093477	0.010297	2.1
105	-0.130986	9.319548	10.346284	0.029297	6.4
106	-0.095655	8.518000	10.627232	0.013935	4.2
107	-0.098486	7.716449	10.923866	0.010118	2.3
108	-0.115235	6.915341	11.237357	0.020276	13.8
109	-0.132542	7.017588	11.196347	0.015517	3.6
110	-0.123190	8.017587	10.810501	0.018789	8.3
111	-0.116466	7.216090	11.117580	0.017457	4.6
112	-0.123428	8.216005	10.737082	0.016334	2.7
113	-0.117232	7.438004	11.030825	0.029239	6.5
114	-0.133573	8.438004	10.656111	0.017051	4.2
115	-0.115410	7.636454	10.954382	0.016955	6.9
116	-0.106676	8.636300	10.584811	0.014545	4.8
117	-0.095345	9.636300	10.239312	0.014536	4.5
118	-0.116284	9.855594	10.166541	0.034662	13.7
119	-0.139154	10.855594	9.847396	0.031786	8.3
120	-0.102588	11.855594	9.547679	0.016569	6.2
121	-0.114092	11.054043	9.786430	0.039936	4.3
122	-0.130944	12.054043	9.490356	0.017682	5.6
123	-0.135013	13.054043	9.211671	0.011252	2.8
124	-0.117232	14.054042	8.948886	0.012975	2.4
125	-0.123653	13.252494	9.158301	0.020690	2.5
126	-0.120491	12.450943	9.377752	0.040061	2.5
127	-0.117584	13.450939	9.105547	0.011970	4.2
128	-0.100633	12.649388	9.322447	0.022573	2.7
129	-0.100306	11.881392	9.540187	0.017246	2.7
130	-0.117584	11.079841	9.778560	0.006054	2.4
131	-0.123203	10.530185	9.949026	0.014924	2.0
132	-0.100046	10.146064	10.071727	0.027918	2.3
133	-0.119577	9.344513	10.337772	0.020096	2.5
134	-0.089335	10.344513	10.007960	0.014809	2.3
135	-0.123893	9.582916	10.257186	0.012065	2.1
136	-0.117640	10.079416	10.093325	0.020560	2.3
137	-0.116895	11.079416	9.778689	0.010594	2.5
138	-0.104890	10.419131	9.984192	0.012643	2.3
139	-0.128196	9.620170	10.244706	0.011554	2.8
140	-0.119469	9.878410	10.159028	0.026271	2.7
141	-0.110615	10.878410	9.840348	0.012669	2.4
142	-0.121801	10.076860	10.094155	0.016273	3.1
143	-0.138057	9.926924	10.143092	0.021429	2.8
144	-0.104439	10.926924	9.825395	0.022946	2.5
145	-0.123087	10.150180	10.070396	0.019226	2.5
146	-0.109718	9.348635	10.336368	0.016083	3.9
147	-0.108017	8.547084	10.616772	0.010440	3.5
148	-0.093946	7.907017	10.851851	0.009067	11.8
149	-0.106694	8.905069	10.489681	0.009192	11.6
150	-0.127625	9.863179	10.164042	0.032497	7.1
151	-0.101548	9.061629	10.435052	0.015382	10.4
152	-0.137643	10.061629	10.099105	0.018694	6.3
153	-0.119542	9.260078	10.366617	0.020241	3.4
154	-0.121821	8.458527	10.648687	0.026326	2.6
155	-0.120810	7.656976	10.946537	0.009959	2.7
156	-0.119813	8.647418	10.580842	0.008912	2.4
157	-0.105762	9.646944	10.235756	0.018534	2.7
158	-0.114195	8.846401	10.510300	0.028158	2.5
159	-0.109110	8.044851	10.800353	0.024324	3.1
160	-0.134951	9.044850	10.440879	0.012315	2.4
161	-0.116675	8.442909	10.654336	0.030838	2.5
162	-0.110655	7.641358	10.952506	0.019309	2.5
163	-0.140093	6.839808	11.267845	0.024789	2.5
164	-0.112809	7.744881	10.913061	0.019755	2.5
165	-0.123001	6.943331	11.226101	0.012058	2.4
166	-0.100044	6.141787	11.557627	0.006712	2.6
167	-0.130611	6.287919	11.495733	0.011462	2.8
168	-0.132331	5.487869	11.842955	0.016727	7.3
169	-0.136703	6.487806	11.412138	0.024015	9.2
170	-0.130202	7.487806	11.011541	0.024089	3.7
171	-0.122829	6.687385	11.329876	0.018651	8.9
172	-0.120027	7.687385	10.934933	0.013770	8.8
173	-0.112739	6.885891	11.249225	0.026286	6.3
174	-0.116698	6.084823	11.581935	0.026012	5.0
175	-0.119977	7.084823	11.169543	0.017035	4.8
176	-0.134202	8.084823	10.785510	0.014729	5.3
177	-0.129376	7.283283	11.091168	0.024556	5.4
178	-0.113363	6.483223	11.414041	0.031154	6.2
179	-0.121782	7.483223	11.013313	0.024679	6.2
180	-0.108488	8.483223	10.639768	0.011702	5.2
181	-0.133663	9.483223	10.290731	0.010928	3.7
182	-0.115670	8.739947	10.547922	0.024420	5.8
183	-0.132671	7.938396	10.840084	0.022817	6.6
184	-0.111370	8.938396	10.478004	0.016474	3.6
185	-0.111753	9.938396	10.139331	0.015712	5.8
186	-0.113111	10.796197	9.865791	0.009371	3.0
187	-0.127106	9.997100	10.120129	0.019648	8.1
188	-0.126168	10.997078	9.803853	0.011874	7.6
189	-0.133261	10.197970	10.054970	0.020745	4.4
190	-0.130060	9.509762	10.281780	0.007438	3.7
191	-0.112892	8.708223	10.559186	0.030005	4.5
192	-0.130044	7.906683	10.851976	0.014652	4.5
193	-0.115235	8.906683	10.489115	0.022294	6.3
194	-0.136242	9.109718	10.418385	0.023136	2.9
195	-0.143489	8.308167	10.703318	0.024728	6.5
196	-0.121356	9.308167	10.350169	0.011431	3.7
197	-0.115064	10.308167	10.019579	0.016751	5.9
198	-0.117042	9.547310	10.269141	0.014212	3.0
199	-0.122769	8.785060	10.531946	0.012689	5.5
200	-0.107975	7.983510	10.823211	0.023373	3.9
201	-0.151403	8.841879	10.511893	0.018496	7.1
202	-0.132265	8.040328	10.802035	0.021424	3.7
203	-0.144079	7.238777	11.108648	0.023779	7.0
204	-0.149828	6.437228	11.433176	0.024012	5.2
205	-0.132329	5.635677	11.777236	0.008481	5.0
206	-0.137166	6.632645	11.352320	0.029805	5.1
207	-0.121264	7.632645	10.955839	0.023587	5.9
208	-0.127074	8.632645	10.586117	0.020161	3.5
209	-0.104008	7.831095	10.880428	0.018046	9.4
210	-0.109316	7.029544	11.191571	0.018867	6.1
211	-0.122946	6.227993	11.521034	0.017821	8.2
212	-0.122145	7.227993	11.112892	0.013498	3.1
213	-0.127025	6.426443	11.437672	0.019691	2.3
214	-0.129470	5.624894	11.782006	0.015374	9.5
215	-0.113549	4.823478	12.147653	0.027924	3.8
216	-0.133622	4.021927	12.536790	0.014397	3.0
217	-0.135983	5.021924	12.055014	0.019858	6.9
218	-0.108893	6.021923	11.608894	0.022263	5.6
219	-0.130050	5.220373	11.963775	0.023362	5.3
220	-0.143346	4.418822	12.341038	0.014367	5.4
221	-0.139986	5.418822	11.873907	0.016644	3.6
222	-0.136756	5.765179	11.720252	0.025132	7.8
223	-0.140451	6.765176	11.298133	0.030828	6.5
224	-0.108363	5.963626	11.633993	0.011826	2.6
225	-0.127013	6.963618	11.217956	0.016342	6.6
226	-0.112323	7.327001	11.074051	0.028745	6.1
227	-0.112107	6.534568	11.392757	0.017266	6.1
228	-0.129874	7.534497	10.993523	0.030024	3.9
229	-0.108624	6.732947	11.311263	0.011377	6.9
230	-0.156551	7.732947	10.917594	0.010434	3.8
231	-0.136265	6.931772	11.230746	0.018400	3.3
232	-0.121634	6.131953	11.561816	0.013796	5.9
233	-0.127434	7.131953	11.150831	0.017906	4.5
234	-0.095132	8.031857	10.805187	0.031017	10.4
235	-0.114335	7.230306	11.111982	0.017707	4.8
236	-0.143235	6.428756	11.436707	0.012958	4.8
237	-0.132729	5.627209	11.780981	0.020857	6.9
238	-0.132551	6.627209	11.354554	0.012198	4.4
239	-0.103715	7.621907	10.959949	0.015410	6.2
240	-0.127704	7.106006	11.161125	0.018915	4.2
241	-0.130886	6.304456	11.488771	0.010549	8.1
242	-0.136897	5.502930	11.836225	0.014552	6.4
243	-0.133297	6.498896	11.407536	0.013090	3.3
244	-0.129651	7.498735	11.007318	0.010181	5.9
245	-0.130566	7.896874	10.855660	0.035826	6.1
246	-0.125608	8.896871	10.492558	0.029222	3.8
247	-0.134025	9.896871	10.152958	0.016796	3.8
248	-0.134841	10.896871	9.834653	0.014807	5.2
249	-0.114347	11.896871	9.535699	0.013539	3.8
250	-0.120801	11.095328	9.773841	0.012550	3.1
251	-0.127934	10.294073	10.024091	0.021882	8.0
252	-0.121542	9.503837	10.283776	0.019583	6.4
253	-0.105418	8.702287	10.561296	0.016479	7.3
254	-0.097470	7.900736	10.854210	0.012960	4.1
255	-0.123492	8.900736	10.491201	0.032752	5.8
256	-0.153867	9.024958	10.447796	0.019215	7.1
257	-0.118009	10.024958	10.111042	0.011061	2.9
258	-0.137435	9.223408	10.379195	0.024128	7.8
259	-0.111331	10.223165	10.046856	0.011912	5.3
260	-0.117600	9.421615	10.311571	0.019837	3.6
261	-0.142423	10.420400	9.983789	0.018244	6.1
262	-0.121942	11.420399	9.675842	0.014919	6.2
263	-0.126910	10.807233	9.862368	0.024067	3.4
264	-0.115955	10.005683	10.117328	0.013276	4.4
265	-0.113393	11.005683	9.801217	0.020914	5.2
266	-0.124851	10.204132	10.052984	0.020713	3.6
267	-0.122001	11.204132	9.740820	0.023432	2.7
268	-0.132322	10.402581	9.989454	0.019670	5.5
269	-0.121311	11.402581	9.681162	0.012878	6.4
270	-0.143756	12.402577	9.391331	0.015997	8.0
271	-0.134787	11.601042	9.622228	0.023162	5.1
272	-0.129064	10.799491	9.864769	0.015672	2.8
273	-0.125026	11.781976	9.569119	0.011516	4.7
274	-0.133376	11.659883	9.604892	0.016648	8.0
275	-0.115107	12.373180	9.399603	0.016527	3.6
276	-0.154490	11.571629	9.630917	0.027853	5.4
277	-0.124105	12.571624	9.344041	0.015962	5.3
278	-0.118262	13.571543	9.073782	0.025813	5.2
279	-0.135643	12.769992	9.289154	0.026719	5.8
280	-0.119496	11.968441	9.514998	0.011440	6.2
281	-0.138535	12.968441	9.234885	0.004496	3.8
282	-0.149522	13.567177	9.074928	0.015659	5.4
283	-0.135821	12.809815	9.278212	0.014309	5.6
284	-0.134985	12.008264	9.503518	0.014381	2.4
285	-0.141045	13.008264	9.224071	0.013283	5.2
286	-0.153661	12.206873	9.446678	0.030769	6.7
287	-0.127104	11.405323	9.680343	0.023666	4.0
288	-0.112707	12.405323	9.390559	0.023934	6.1
289	-0.139646	11.603772	9.621422	0.011571	5.0
290	-0.111072	10.802221	9.863922	0.021077	3.0
291	-0.146697	11.802221	9.563214	0.041553	2.5
292	-0.100583	12.802221	9.280297	0.022545	6.2
293	-0.143736	12.000670	9.505705	0.012252	4.8
294	-0.111109	11.199120	9.742336	0.029094	3.7
295	-0.118633	12.199120	9.448884	0.026996	6.8
296	-0.164245	13.199094	9.172601	0.018172	4.7
297	-0.113836	14.199094	8.912009	0.031930	2.7
298	-0.123501	15.199094	8.665815	0.018675	7.1
299	-0.137244	14.397543	8.862046	0.015094	6.0
300	-0.119172	15.396698	8.618767	0.010764	7.9
301	-0.138852	16.396619	8.388316	0.022123	5.5
302	-0.152523	15.595068	8.572047	0.019492	2.8
303	-0.141884	14.793517	8.764007	0.013236	3.1
304	-0.125606	15.667715	8.555064	0.008936	8.1
305	-0.100182	16.667709	8.327946	0.008171	4.7
306	-0.129790	16.107239	8.453732	0.012738	10.5
307	-0.109590	17.107139	8.231913	0.010019	3.6
308	-0.138901	16.389462	8.389921	0.014229	20.1
309	-0.125516	15.587915	8.573723	0.029848	3.1
310	-0.152903	14.799315	8.762588	0.017271	5.0
311	-0.136840	14.068875	8.945101	0.031953	10.6
312	-0.122741	13.267325	9.154337	0.020011	8.0
313	-0.109467	14.267325	8.894767	0.017331	3.9
314	-0.110620	13.465775	9.101628	0.018354	4.3
315	-0.130735	12.664797	9.318180	0.030607	4.1
316	-0.115947	13.664797	9.049372	0.025857	8.9
317	-0.101960	14.664797	8.795638	0.023124	3.6
318	-0.139636	14.194706	8.913120	0.008205	5.3
319	-0.109739	13.393155	9.120845	0.025361	3.0
320	-0.081497	12.591605	9.338483	0.014242	5.2
321	-0.103521	13.591605	9.068519	0.011051	3.1
322	-0.133535	14.591379	8.813782	0.019580	7.5
323	-0.119332	15.591379	8.572911	0.013171	4.6
324	-0.112120	14.789829	8.764910	0.014243	4.9
325	-0.126574	13.988278	8.965707	0.016255	3.6
326	-0.133832	14.986732	8.716953	0.029855	5.8
327	-0.124218	15.986732	8.481275	0.008929	4.8
328	-0.117822	15.229004	8.658660	0.025987	2.9
329	-0.133612	16.177727	8.437704	0.028340	2.4
330	-0.119115	17.177727	8.216693	0.022297	2.5
331	-0.140477	16.376188	8.392901	0.015822	2.6
332	-0.112952	15.574640	8.576835	0.022021	2.4
333	-0.129027	16.571246	8.349328	0.028546	2.4
334	-0.141883	15.769695	8.531337	0.023599	2.4
335	-0.110434	14.968148	8.721457	0.034924	2.4
336	-0.117259	14.166597	8.920244	0.016762	2.4
337	-0.114773	15.166597	8.673601	0.010841	2.6
338	-0.118630	14.365099	8.870176	0.005186	2.6
339	-0.095000	15.183824	8.669472	0.018042	2.5
340	-0.131038	16.181767	8.436787	0.009556	2.4
341	-0.123040	15.396039	8.618923	0.023242	3.3
342	-0.140291	16.218056	8.428561	0.024956	2.5
343	-0.133936	15.416507	8.614078	0.016971	2.3
344	-0.152891	14.614956	8.807947	0.048698	2.1
345	-0.141798	13.813406	9.010743	0.017265	2.3
346	-0.138417	13.011855	9.223097	0.031872	2.2
347	-0.134755	14.011855	8.959669	0.019648	2.3
348	-0.102993	13.210304	9.169595	0.013286	4.4
349	-0.126608	12.593158	9.338052	0.024032	5.6
350	-0.118904	13.593047	9.068141	0.016585	5.9
351	-0.110843	12.791497	9.283242	0.027178	5.6
352	-0.125440	11.989946	9.508795	0.030137	3.4
353	-0.136001	11.188395	9.745582	0.018481	5.3
354	-0.131280	12.188395	9.451938	0.030871	8.5
355	-0.132598	12.721234	9.302585	0.019042	5.2
356	-0.106498	11.919683	9.529091	0.015987	4.3
357	-0.139530	11.118165	9.766892	0.021693	5.8
358	-0.144800	10.316615	10.016876	0.013104	5.8
359	-0.104209	10.804381	9.863253	0.012465	5.7
360	-0.121697	10.002839	10.118255	0.021411	5.4
361	-0.135201	10.987828	9.806688	0.029799	3.9
362	-0.118065	11.987825	9.509407	0.011240	2.7
363	-0.110765	11.192211	9.744427	0.012994	3.6
364	-0.146437	12.082813	9.482103	0.011803	5.1
365	-0.114484	13.082805	9.203898	0.015720	3.5
366	-0.099803	12.281255	9.425565	0.019841	6.8
367	-0.134769	13.281255	9.150617	0.012294	6.2
368	-0.138650	14.281255	8.891255	0.021591	3.3
369	-0.122290	13.479705	9.097950	0.028253	4.5
370	-0.141646	13.221696	9.166543	0.012424	5.7
371	-0.138888	12.420145	9.386394	0.052106	6.0
372	-0.121018	13.420145	9.113693	0.016585	9.0
373	-0.105520	12.618594	9.330986	0.010259	3.4
374	-0.107884	12.174052	9.456024	0.028603	4.9
375	-0.122245	11.372501	9.690158	0.008485	5.8
376	-0.155555	10.571068	9.936143	0.017828	3.3
377	-0.137101	9.769519	10.194981	0.031319	5.7
378	-0.136882	8.967968	10.467665	0.011072	5.6
379	-0.147978	8.166417	10.755337	0.037346	3.4
380	-0.152954	7.364867	11.059267	0.021119	5.1
381	-0.140641	6.563316	11.380875	0.023557	7.3
382	-0.131289	5.761765	11.721747	0.032705	4.2
383	-0.117013	6.757357	11.301315	0.015611	4.9
384	-0.134326	7.757357	10.908327	0.019666	4.0
385	-0.124096	6.955806	11.221091	0.030172	2.7
386	-0.126510	7.955806	10.833566	0.020577	2.3
387	-0.128071	7.154256	11.141997	0.013985	8.5
388	-0.125928	6.367850	11.462159	0.019657	2.6
389	-0.116321	7.367849	11.058105	0.033661	4.9
390	-0.131686	6.566309	11.379639	0.025605	6.5
391	-0.135249	7.566309	10.981280	0.006479	4.0
392	-0.105591	8.565922	10.610007	0.016082	4.7
393	-0.127576	9.522968	10.277331	0.014733	4.9
394	-0.123327	10.522968	9.951304	0.035346	4.6
395	-0.133231	11.522968	9.645327	0.050118	5.3
396	-0.134860	10.721417	9.889049	0.030840	3.1
397	-0.110013	9.919866	10.145408	0.012249	3.7
398	-0.118180	10.919866	9.827568	0.023639	6.3
399	-0.142946	10.118315	10.080708	0.016398	5.6
400	-0.117116	11.118315	9.766846	0.012495	4.7
401	-0.104479	10.357653	10.003767	0.012307	4.3
402	-0.116084	9.556338	10.266107	0.023839	4.9
403	-0.150781	8.754877	10.542630	0.009885	2.7
404	-0.104745	7.953381	10.834474	0.011293	6.0
405	-0.130703	7.389825	11.049545	0.008977	4.9
406	-0.145648	7.996985	10.818182	0.006623	4.5
407	-0.151555	7.413737	11.040246	0.016072	3.2
408	-0.119372	7.863829	10.868088	0.021394	5.9
409	-0.116972	8.863065	10.504436	0.018135	3.4
410	-0.131834	8.062160	10.793920	0.026235	5.8
411	-0.133666	7.260609	11.100067	0.017596	3.8
412	-0.126829	8.260609	10.720715	0.022601	4.3
413	-0.133348	7.459059	11.022664	0.015849	3.8
414	-0.117047	6.657508	11.342115	0.008067	2.5
415	-0.137094	7.657426	10.946365	0.018242	3.5
416	-0.115082	6.855918	11.261329	0.017506	2.5
417	-0.120779	6.054485	11.594922	0.026738	5.0
418	-0.133761	7.054485	11.181622	0.033118	3.5
419	-0.141945	6.252935	11.510491	0.028780	2.8
420	-0.106502	7.246227	11.105718	0.007599	3.2
421	-0.114363	8.246188	10.726001	0.012922	5.7
422	-0.134572	9.200486	10.387073	0.016999	3.3
423	-0.135494	8.398935	10.670272	0.029813	2.2
424	-0.122903	9.398935	10.319264	0.018394	4.3
425	-0.105693	10.398935	9.990614	0.041971	4.2
426	-0.127418	11.398935	9.682252	0.009251	2.8
427	-0.132053	12.398935	9.392355	0.031442	3.1
428	-0.123436	11.597384	9.623307	0.024346	3.8
429	-0.141294	10.795834	9.865904	0.029748	5.4
430	-0.141763	11.795834	9.565076	0.017722	4.1
431	-0.111866	12.791651	9.283200	0.037379	3.0
432	-0.132688	11.990101	9.508751	0.017517	4.4
433	-0.113697	12.990101	9.229000	0.018460	4.1
434	-0.134131	13.990101	8.965240	0.024584	2.5
435	-0.132116	13.188550	9.175430	0.025198	3.2
436	-0.123154	14.171855	8.918911	0.016665	3.5
437	-0.114512	15.171855	8.672341	0.008187	4.3
438	-0.115570	16.163564	8.440919	0.044414	3.5
439	-0.145010	15.362013	8.626988	0.015797	3.4
440	-0.150148	16.361999	8.396088	0.017831	3.8
441	-0.100218	17.361999	8.177224	0.007925	4.8
442	-0.120138	18.309825	7.980057	0.016552	3.2
443	-0.144486	19.072558	7.828166	0.024207	2.4
444	-0.133582	20.072558	7.637573	0.009023	4.0
445	-0.115239	19.272413	7.789318	0.010946	4.7
446	-0.132150	18.472778	7.947113	0.019354	3.1
447	-0.130539	19.471080	7.751082	0.017567	5.0
448	-0.122228	20.470095	7.564358	0.024091	3.5
449	-0.121875	21.470095	7.386248	0.008110	5.7
450	-0.115212	22.277552	7.248438	0.016211	2.1
451	-0.105590	21.533175	7.375293	0.020510	4.0
452	-0.142444	22.533175	7.205876	0.012636	3.0
453	-0.130627	21.731624	7.341042	0.019817	5.7
454	-0.155794	20.930298	7.481336	0.020727	2.5
455	-0.163059	21.930298	7.307069	0.020974	4.7
456	-0.126674	21.128747	7.446095	0.020894	5.0
457	-0.120560	20.327197	7.590514	0.017818	4.0
458	-0.121869	20.560604	7.547885	0.016988	2.7
459	-0.133985	19.759053	7.696318	0.014608	4.3
460	-0.092307	18.957565	7.850695	0.024541	4.2
461	-0.166536	18.157150	8.011172	0.015734	3.7
462	-0.117923	19.157150	7.811676	0.030835	3.5
463	-0.120059	20.157150	7.621875	0.030624	3.4
464	-0.121140	19.355599	7.773262	0.020431	6.0
465	-0.119391	19.174233	7.808354	0.024313	2.4
466	-0.133471	20.083526	7.635534	0.023025	4.0
467	-0.171229	19.283712	7.787134	0.015620	3.8
468	-0.131808	20.279520	7.599280	0.028058	5.6
469	-0.130652	21.279520	7.419541	0.022226	2.6
470	-0.133136	22.279520	7.248108	0.014000	3.6
471	-0.115815	23.279499	7.084422	0.016212	2.4
472	-0.118770	24.218071	6.937373	0.006289	6.2
473	-0.125219	23.420904	7.061870	0.022806	3.0
474	-0.109904	24.420353	6.906478	0.012324	3.4
475	-0.117327	25.420352	6.757696	0.022606	4.1
476	-0.125656	26.420345	6.615191	0.030030	4.1
477	-0.152044	25.618794	6.728931	0.019036	3.6
478	-0.130687	26.618794	6.587623	0.028147	3.7
479	-0.130649	25.882394	6.691097	0.013377	2.9
480	-0.136416	25.080844	6.807485	0.022135	4.2
481	-0.120688	25.468292	6.750725	0.018767	3.2
482	-0.144500	26.468292	6.608509	0.019141	2.8
483	-0.120627	25.666742	6.722017	0.016584	4.5
484	-0.121052	24.865191	6.839493	0.030300	3.6
485	-0.124626	24.063640	6.961147	0.025133	2.7
486	-0.136751	25.062967	6.810127	0.028592	4.6
487	-0.163063	24.261606	6.930701	0.034521	3.6
488	-0.114893	25.261606	6.780885	0.021690	4.1
489	-0.142542	24.460055	6.900446	0.012397	4.0
490	-0.109350	23.658504	7.024298	0.022592	5.2
491	-0.114372	22.856968	7.152675	0.022786	4.6
492	-0.122451	23.856968	6.993220	0.012051	4.8
493	-0.124852	24.856968	6.840719	0.015504	3.6
494	-0.107089	25.848073	6.695999	0.018514	2.4
495	-0.143515	26.848073	6.556056	0.023839	5.4
496	-0.126517	27.848073	6.421843	0.023587	3.6
497	-0.119689	28.848073	6.293014	0.020947	4.1
498	-0.114609	28.046523	6.395859	0.011074	2.5
499	-0.124431	29.046523	6.268061	0.021676	5.5
